1000
1 1011110011000010 1011110011001101
1 1011111100100011 1011111000011000
1 0100000010011001 0100001001010100
1 0100000111101111 1100001000110100
1 1100000000001111 0011111011100110
0 1100000100111110 1100001000010000
0 0011111110100100 1011111000010100
1 1011110111001101 1011111010011111
1 0100000011110001 0100000101100010
1 0100000010101111 0100001000101111
0 1100001110010001 0100010010100001
0 0011110101100100 1011110110111100
0 1100000001110011 1100000101011011
0 1011110111111100 1011111100110000
0 0100000000011101 0011111110101011
1 1011110010011001 0011111000111000
0 0011110000011111 0011110010011110
1 0100000110011101 0100001000000101
0 0011110111111010 0011111010001111
0 1011110111000010 0011110010010010
1 1100001010101110 0100001101110111
0 0100001000110011 1100000111111000
0 0011110010101000 0011110001000000
0 1011111010000011 1011111111101000
1 1100001001000000 0100001010000011
1 0100000100001011 1100000000111101
1 1100000011011011 0100000111001111
1 1011110100000000 0011111001010101
0 0011111111110010 1100000011101010
0 1100001010001011 0100001010010000
1 0100001101111100 0100000111111110
1 1100001100001100 1100001000010101
0 0100001001101010 1100000010110110
0 0011110110110000 0011111000110010
1 1011111010011001 1100000001100101
0 0100000001110011 0100000111000001
0 1011110110100111 1011111100000100
0 0011111101000010 1011111010001010
1 1100001011011111 0100000111100000
1 0011111000100110 1011110111010110
1 0100000100001001 0100000010101001
0 1100000111100101 0100000100011101
1 0011110011001110 0011111000010010
1 1100000101001100 1011111110011001
1 1100000101010111 0100000100011101
1 1011110011001101 1011110110100111
0 1011110100010000 0011110000111000
0 1011110000011001 1011110011001010
1 1011111101101100 0011111010111000
1 0100001010110001 1100000100010000
0 1011111100011110 1011111101000001
0 0011111100100101 0011111001110101
1 1011111000011010 1011110101100111
1 1100000101111111 1100001000110011
0 0100000101010001 1011111110100101
1 0100001001001011 1100000010010101
0 0011111110100001 0011111100000011
1 1011111010100110 1011111001100001
0 0011110101101101 0011110011101010
1 1011111110000101 0100000010101110
1 1100000100010000 1100001011000011
1 1100001001100010 0100000100100000
0 1100000100001110 0100000101101010
0 1011110100100110 1011110100001001
1 1100001100001100 0100001100100110
0 0011111001010010 0011111101011000
0 1100001110011100 0100010001110111
1 0100000010100000 1100001001001011
0 0011110011100100 1011110000110000
1 1011110100001011 0011110101000001
0 0011111110010111 1100000001001110
0 0100001011101100 0100000101101010
0 0100001010100111 0100010001110010
1 1011110001111111 1011110101000000
0 1011110100011111 1011111000000111
1 1011111010000010 0100000001011101
0 0011111100000000 0100000000011111
0 1100000110000110 0100001100100100
0 1011110111111010 1011111011000010
0 0011111101011100 1011111101001010
1 1011111010010100 0011111101001110
0 1011111000100000 0011110110111110
0 0100000011011111 1100000110001011
0 0100001000010011 0100000101101011
1 1011111001101100 1011111101011010
0 0100001101011110 0100001101101000
0 1100000101110000 0100000011001011
1 0011111010011011 1011110100100111
1 1011111011101011 1011110110111111
1 1011111001011010 1011111100010110
1 0100000010000000 1100000101110110
0 0100000010011101 1100000100100111
1 1011110101111111 0011110111100111
1 0011110111000101 0011110001000001
1 1100001100011010 1100001011001000
0 0011110010010010 1011110001010111
0 0011111010010001 1100000001001010
1 0011111100011010 1100000001100111
1 1100001101011111 0100001000011111
0 1100001001110111 0100001011001100
1 1100001010110111 1100001011010001
1 0100001101001100 0100010001111110
0 0011110001011010 1011110000000010
0 0100001000000001 1100000010011101
0 1100000010111010 0100001001001001
0 0100001011110101 1100001010101011
1 1100001010100101 1100001110100101
1 0011111100101111 1011111011100011
1 1100001000111000 0100001000110100
0 1011110010111011 0011111000101111
1 0011111010111011 1011111100010110
1 1100001011110101 0100001111101110
1 1100000001111001 0011111111000100
0 0011110010101001 1011101101001010
0 0011110101101101 0011110111100101
0 1011111101010110 0011111110010101
1 1100001101010011 1100000110001011
0 1011110100110101 1011110000110011
1 1100000011100010 1100000011011000
0 0100000010010010 0100000011111110
1 0100001011111110 1100001010011110
0 0011111110011001 0011111110110110
1 0100001011100100 0100000110111111
1 0011111001000111 1011110111101111
0 1011111101001011 1011111111110110
1 1011111110000100 0100000000011001
0 1011111110110111 1100000010000001
1 0011110111100010 1011110001011011
0 1011111110111101 0100000001001110
1 0100000111111010 1100001000101011
0 0100000101011101 0100001010100001
1 0011111010010011 0100000000110100
1 0011111110100001 0100000101100010
1 0100001110011011 0100010001011011
1 1100000010000011 0100000100101001
1 1100000100010100 1100000001100110
0 1100000011100010 0011111110001001
1 0100000101110000 0100000011011000
0 1011110001011011 0011110100100110
1 0100001110001111 0100001010001011
0 0100000100010001 0100000011101100
0 0100001101101111 0100001011001111
0 1100001011100001 0100001011000011
1 0011110111101000 1011110010000000
0 0011110101010100 0011111010101101
0 0011111010101011 0011111010011010
1 0011110011000000 1011111001100000
0 0100001110010110 1100001100100110
1 0100000110101001 1100000101000101
1 1011110001001111 1011110011111000
0 1011110011110100 1011110110011110
1 1100001110001101 0100001100001000
1 1011111101010111 1100000011000000
0 0100000100111110 1100000000100111
1 0011110010100111 1011110001001010
1 1100001111100111 1100001010000000
0 0100001100100000 1100000111111010
1 0011110101101100 1011111010101100
0 0011111010011100 1100000001101111
1 1100000010000011 1100001001000111
1 1100000100110000 1100001010100100
0 0100001001011100 1100000011101001
0 0100000110101000 0100001011011010
1 0011111110111101 1011111011101011
0 1011111111110011 0011111010101010
1 0100001011100101 1100001001101111
1 1011110101001110 0011110100000010
1 0100001001100010 1100001111100011
0 1100000110100000 1100000100000110
1 1011111000001010 0011111011011000
1 0011110100110000 0011111001111000
0 1011110001010000 1011101101000110
1 0011111001100111 1011111010001111
0 0011111001111011 0011111100001011
1 0100000110010101 0100001000101100
1 0100000001010011 1100000111000010
1 0100001100100111 0100010000101101
0 1011110100110001 1011110110111101
1 0100000100100010 1100001010001110
0 1011110000010100 0011110001011010
1 1100001001011100 0100000101010001
0 0011111000000100 1011111010110001
0 1011110011001111 1011101100101011
1 0100001010001101 1100001001000001
1 1100001010101110 0100001011000011
0 1011110101011011 0011101110000110
1 0011111011100111 0011111001110100
1 1011110100001101 1011111011000011
0 0011110101010101 1011101111111000
0 0100000010001001 0100000011010110
0 0011111010101100 0011111110111110
1 0100001111100101 0100001010111101
1 1011111010111100 1011110110101001
1 1100000110100011 1100001000000011
0 0100001000101100 0100000010000110
1 0011110010001100 0011110100100101
0 1011110001101011 1011110011010101
0 0100000110110111 1100000000100001
1 1011110111101110 1011110011111000
1 0100001000111101 1100001000010001
1 1100000110000101 1100000011000110
0 1100001000011011 0100000101100100
0 1100001001101110 0100001101110101
1 0011111011010111 1011111010101000
1 0100000111011000 0100001011011011
1 0011111101000001 0100000001010011
1 1011110011001010 1011101101101001
1 1011111101011000 0011111000011100
1 0011110001101110 1011110000010011
0 1011111000101011 0011110100101010
0 0011111001111110 1011111011001001
1 0100001011000011 0100001001010100
0 1100000010111100 1100000001100011
1 1100001011101000 0100001110100111
0 0011110110110100 0011110100101011
1 0011110010000010 0011110001111011
1 0100001101011110 1100010001111100
0 0011110100101011 0011111010101010
1 0100001101100111 1100000110100010
1 0100001100001101 1100010010010110
1 1011111111110100 0011111110011010
1 1100001001111001 1100000100111010
1 0100000010100100 1011111100010001
1 1100001010010111 1100001010111010
0 1011111001011100 0011110100001110
0 0011110000001000 1011110011111101
0 1100000111010111 0100001010000001
0 0100001111001111 1100001010000010
1 1100000100010111 0100000011101100
0 1100001000100101 0100000110110011
1 1100000011100010 0100001000011110
1 1100001110111010 1100010011011011
1 1100000111100110 1100001100011010
1 1011110111110010 0011110100111110
0 1100001110111010 0100010011100010
1 1100001100111000 1100001111001111
1 0100000100000000 0100000101010001
1 0100001010001100 0100001010010111
1 0100000100101101 0100000001011101
0 0011110010000010 1011110100000001
0 0011111100010100 1011111000000000
1 0011111010111011 0011111011100001
1 0100001010110101 1100010000001010
1 0100000111011110 1100001011110100
0 0100000000011010 0011111110000110
0 0100001000110101 1100000101101011
0 0100001110011111 1100001110101101
1 1011111001101010 1011111000010100
1 0100001100111111 1100001101101001
0 1011110001100111 1011101101101101
0 1100001111111001 0100001011110000
1 1100001110100110 0100001011001100
0 0011111001010111 0011110110101001
1 1011111101101001 1011111000101010
1 0100000100110000 1100000001101111
0 1011111101110000 0011111001111100
1 0011110000001011 0011101100111110
1 0011110111101100 1011111011010110
1 0011111011011111 1011111111110000
1 1100000101110111 0100000000111000
0 0100001001110110 0100000110001011
0 1011111100010110 1011111111101001
0 0011111001111101 1011111000010000
0 1011110000110100 1011110011011100
1 0011110000111101 0011110011011110
0 1100000000011100 1011111110111000
1 1100000100111010 1011111110001011
0 1100001110010000 1100001111010001
1 0011110111101111 0011111100100100
0 0100001010111111 0100001111000101
1 1011110111011000 1011110100110000
0 1011110000101001 1011110110000101
1 1011111001011000 0011111011101010
0 1011110110010011 0011110110001000
0 1011110110110111 0011111010111010
1 0100001101011001 0100001011011001
0 0100001101010000 0100001010000000
0 1100000011010010 0011111100000011
1 0011111011000110 0011111101011000
1 0100001011101000 0100000101110110
1 0100000010111101 1100000111001001
0 0011110001000100 0011110111010000
1 1011110010111111 0011110000001110
1 1100000000111001 1011111111111101
1 0100001011011111 0100001100001101
0 1100001000000111 0100000011001110
0 0011111001110000 0011111111011100
1 0011111111111111 1011111101100111
1 1011110010101010 1011101110111111
0 0100000010100101 0100000101000000
0 0011111111101010 0011111010100000
0 0100000010000101 1100001000110011
0 1011111011100001 1011110111100010
1 0011111000010110 0011111110010100
0 0100001001110011 1100001001011000
1 1011110100101000 0011111000110101
0 0011110101110010 0011110100100010
1 0011111001011001 1011110111001100
1 0011110001111010 0011110011100101
1 1100000011110000 0100000011001011
1 1100001001100101 1100001101001100
0 0100001010110111 1100001100101010
0 1100000101000010 1100000011110100
0 0100000001110101 0011111010110011
0 1011110000110111 0011110010101100
1 1011110000000100 0011110010101010
1 0100001001111111 1100001111011010
0 1011110110000110 0011110001000101
1 0100001000110010 1100000100101101
1 0100001010111010 0100000101101111
0 0011110101101011 1011110010110000
0 1011111001010000 1011111001111011
1 1011110101110101 0011101111000010
1 1100001010101000 1100010000100000
0 0011111011111011 1011111110011001
1 1100000000011100 1100000010010011
0 0011110000100011 0011110001100010
1 0100000100100011 0100001001100100
0 0011111101101001 0011110111100110
0 1100001011100111 0100001111110010
0 0011111100101011 0011111111111000
1 1100000000110110 1100000100000010
0 0011110001001000 0011110110100100
0 0100000100000001 1100001010100101
1 0011110101011111 0011110011110011
1 1100001110010101 0100001101110000
1 1100001111101101 0100001010100100
1 1011111000010010 0011110100001000
1 0011110101000100 1011110011111010
1 1100001101011000 0100010010001001
1 1100000100000001 0100000110010011
1 0100000111101111 0100001000000110
0 0100000110001010 1100000011010111
1 1100001111101011 0100010100111100
1 1011111010001011 1011111100101010
1 1100001110110110 0100010011110100
0 1100000101010011 1100000110100100
1 1011111111011110 1011111100111101
0 1011111111011111 1011111011010110
0 1011111110100100 1100000000101100
0 1100001110110100 0100010001011011
0 0100001110110101 1100001111000101
0 1100001011010000 0100000100110001
0 0100001100010100 1100001111001001
1 1100000101100010 0100001010011101
0 1011111011000100 1011111001101010
1 1011111110010110 0100000100010111
0 1011110110111100 0011110000011000
1 0100001000100000 0100000111001011
0 0011111110100011 0011111011000010
1 1011111001000101 0011110010100010
1 0011111100000100 1011111111111010
0 1011110101000111 0011101110100100
0 0100001010100000 0100001010001010
1 0011111011110100 1011111111110001
0 1011111100011001 1011111101000101
1 1011111101001001 1011110110101100
1 0011110110100011 1011110011101100
1 0011111010010001 1011111011010011
1 0100000111100011 1100001000100000
0 0100000011110001 1011111111110111
0 1011110100011000 1011101111110111
0 0011111100111011 0011110111100000
1 0011111100110010 0011111100010111
0 0011111000110001 1011111011100101
1 1011110001011001 1011110110110100
0 0100001100110111 0100010010000001
0 0100001101111000 0100001111000110
1 1100000101001100 0100000110011111
1 1011110100111010 0011110100111101
0 1100000010100100 1100000110100101
0 1100000100010011 1100001010110001
0 1100001011100000 1100000100100100
1 0100000010100111 0100001001111101
1 0011111001101101 1011111100110110
0 0011111001110001 1011110100001001
1 1011110101011101 0011101111111110
0 0011110000010110 1011110111000010
1 1011111010111100 0011111110101000
1 0011110000111001 0011110100100100
0 0011110100011011 1011101111000101
1 1100001010001010 0100000111110011
0 1100000101000001 1100000100000101
1 0011111100010110 0011111000110110
1 1011110001000000 1011110010100001
1 1011111101001100 0011111101000101
0 1100000010010101 1011111111110011
0 1100001100001101 1100001111101100
1 0011111010000001 1011110101100010
1 0100001111111000 1100010001100111
0 1100000000101100 0011111101010110
1 0011110001101111 1011101110110001
1 1011111000011111 0011110111111000
1 0100000111101101 1100000111011101
0 0100001100100001 0100000111100010
1 0100001000011000 1100000011001011
0 1100000000011111 1011111010100100
0 0100000101010110 1100001010110010
0 1100001101000010 0100001101100110
0 0011110000011011 1011110100110101
1 0100000010010111 0100000101001001
0 0011110110101010 1011110010101010
1 1011111011110000 0011111101100000
0 0011110111001111 0011111011100001
0 1100001000111010 1100001101011110
0 1011110001101011 0011101111011000
1 1100001101000000 1100001010101001
0 0100001101010010 0100001011111001
1 0011110000011010 1011110100101110
0 1100000100100010 0100000101101001
1 1100000110000011 0100001000110100
0 1011111000010110 1011111011000111
0 0100001010000101 1100001111010111
0 0100000011101011 1100000111001000
0 0011110101011000 1011111001101001
1 0100000011111100 1100000100000000
1 1100001110100111 1100010011101110
1 1100001111011110 1100001110101011
1 0100001011110000 1100001000010000
0 1011111111100000 0100000001010110
0 0100001110010001 0100001010001000
0 0011110001101111 1011101101001010
1 1100000010001001 0100000010101000
0 0100001111001000 1100001101100100
0 1100000101110110 0011111111001011
0 1100000010110100 1011111101101100
0 0011110101011110 0011110011001111
0 0011110010001011 0011111000101011
1 0011111000000101 0011111110011010
0 0011110110110011 0011110111101110
0 0100001111110010 0100010000011010
0 1100001010100001 0100001110001000
0 0100001001011111 1100001011100100
1 0011110100100111 1011111011011101
1 1100000110000101 0100000000100100
1 0011111000101111 0011111111111101
1 0100000001000010 0100000110001010
0 1100000100110011 0100000111111110
0 1100000100110000 0100000110111110
1 1011110111000110 1011111001011011
0 1011111111100100 0100000101101011
1 0100000000001011 1100000100010100
1 1011110001000100 0011110100101101
1 1011110110101011 1011110010010010
1 1011110011000010 0011101100101000
1 0100001000111011 0100000010110000
1 1100000101011000 1011111110000100
1 1011111011111010 0011111111100010
0 0100001111101001 1100001010100111
1 1100001100110110 1100000110101000
0 1011111010011001 0011111000101101
1 1100001011010010 1100001011110110
0 1100000101000001 1100001001001000
1 0100001110110011 1100001101101000
0 0100001010010101 1100001110000110
0 1100001001011001 1100001011110001
1 0011110001011011 0011101111101110
0 0011110110101010 1011111010100000
1 1100001100100111 1100010011000000
1 1011111110001011 1100000001000011
1 0100000010100001 0011111110010000
1 0011110010000110 1011110010010011
0 0100001100100010 1100000111001101
1 0100001101011110 0100001010011010
0 0100000011001110 1011111110000001
1 1100001000110110 0100001001000100
1 1100001111100000 0100001110110100
1 0100000000010010 0100000001010010
1 1100001101010111 0100001001110110
0 1011111111111111 0011111001110001
1 0011110101010000 0011110011011011
0 0100001001010010 1100000111010101
0 0100000010101111 0100001000101000
1 0011110101000010 0011101111100000
0 1100001101111100 0100010000100100
0 0011111000011110 1011111010011000
1 0011110110110111 1011111101100111
0 1100000001010110 0100000101100111
1 0011111010010101 0011111111011011
1 0100000101101100 1100000100001110
0 1011111011111111 0011110110010000
0 1100001010011001 1100010000111001
0 1011111000110011 0011111011010000
1 1100001111000101 1100001000101110
1 0011110111001111 1011110010011100
0 1100001001101011 1100001011010110
0 1100001110100101 0100010011111011
0 0011110100000100 0011111010011100
0 1100000010110001 0100000110001100
0 0100000111100010 1100000110110101
1 0011111110000001 1100000010000010
1 0011111100010000 0100000011010001
1 1100001101010111 1100001101010100
1 1100001101010101 1100010001010101
1 1011110000110110 1011110111001100
1 1011111000101101 1011110100101011
0 0100000000101001 0100000101111100
0 1011111111101111 0011111000001101
0 0011110110100011 0011111000110101
1 1011110110011000 1011110110100000
1 0011111111110001 1011111000100011
1 0011111100100001 0100000001000100
1 1011111011110010 1011111100011001
0 1011110000001111 0011101111101111
0 1100001010011111 1100000101111011
1 1011111111100010 0011111101010100
0 0100000001110101 0100000110101000
0 1100001100010001 1100010011000101
1 1011110001100111 0011110111110100
0 0100000011010100 1100000100100111
1 1011110001010011 0011110000000110
1 0011111010010100 1100000001110011
0 1100000100100001 1100000110101011
0 0011111110011100 0011111110110001
0 1100000101000011 1100000111000000
1 0100000011110010 1100001000111001
1 0100001001010110 0100001011011001
1 0011111011000111 0100000000011110
1 1011111001001101 1011111100101010
1 0011110100101111 1011110100010100
0 0011110100110111 1011111001110011
0 0011111010001100 1100000001000010
0 0100001110010010 0100010010001100
0 0100001110110011 1100010000010110
0 1011110001010101 1011110010111001
1 0100001011011010 0100001001000111
1 0100000010100110 1011111100000011
1 0100001010111011 1100001101110111
1 0011111011110100 0011111110000011
0 0011111001100100 1011111010101100
0 0011110000001010 1011110001001000
0 1011110001010001 1011110010110011
1 0011110011101010 1011110100001100
0 1100001100101111 0100001000001001
0 0100000011010010 1100000111001110
0 0100001011000110 0100001010011100
1 0100001000111000 1100001111100011
0 1100000110001011 0100000011100110
1 0011110100011100 0011110001001101
0 1011110110100001 0011111001101010
1 0100000110100011 0100001000110111
1 1100001010001111 0100001101000100
0 1011110111000100 1011110101001011
0 1011110111011011 1011110011010111
0 0011111100110000 1011110111000000
0 1100001000000110 0100001011101111
0 1011111101001100 0011110111101100
1 0011111000011111 1011111101001011
0 1100000010111111 0011111101111010
0 1100001011000100 1100000100100011
1 1011111000010000 1011111001111011
1 1100001110100100 1100001001101001
0 1011111010010001 0100000001100100
0 1011110111101100 1011111000000111
0 1100001011011110 0100010000111110
0 0011110110100101 1011110101111100
0 1011111000101111 1011110100000101
1 0011110111010000 0011110000011010
1 1100000011010101 0011111110001010
1 1100000100111000 1100000010010000
1 0011110010011000 1011110111000111
1 1100001100000100 1100010001010010
0 1100000111011011 1100000010000100
1 1100001000000101 0100000110000110
1 0011110100100000 0011111001001010
0 1011111110010101 0100000011101110
1 1011110000010000 1011101111100001
0 0100001100000010 0100010010000000
0 0011110101011110 0011111000111001
0 1100000001001111 1100000101010000
1 0011111110100001 0011111010011001
0 0011110010010111 1011110011110011
1 0100000100110101 0100000111001100
1 1011110011110101 0011110011000011
1 0100000101000001 1100000101110010
0 1100000100010011 1100001011010111
0 0100000100011010 0100000110000001
0 0100000011110110 0100000100000101
1 0100000001001101 1011111101100110
1 1100000011010100 0100001001001011
0 1011110100100111 1011110101000011
1 1011111110101110 1011111111000010
1 0011110100101100 0011111011000000
1 1100000110001110 1100001011010111
0 1100001110001011 1100001101000101
1 0100000110000101 1100001100101100
1 1100000001111101 0100000000101000
0 1011111110011101 0011111111110001
1 0100000100000110 0100000101000000
0 0100001100011010 1100001110001110
1 0011111000001110 0011110111101100
1 0100000101111011 1100000011010101
0 0011111111110001 0100000011100001
1 0011111100011101 0011110111010000
0 0100001111111110 1100001011110010
1 0011110011011100 1011111001010111
1 0100001000000001 0100001110011001
0 1011111010000100 0100000000101001
0 0011111000100110 0011111001100011
0 1100000011011000 0011111110000010
1 1100000100010110 1100000010010000
1 0100000111000000 0100000010101111
0 0100000100011000 0100000011000001
1 1100001100101111 1100001101011100
0 1011111001000010 0011110111110010
0 1100000111000100 1100001100100110
1 0011111100101000 1011111111101101
0 0100000110100010 0100000111101000
0 0100001001001010 0100001000000000
0 1100001111111110 1100001111100111
0 1011111010101010 1011110101110011
0 1011111110100000 1011111001110101
1 1100000110111000 1100001000000111
1 0100000000110100 1011111011001001
1 0011110000111000 1011101101000000
0 0100001001111010 1100001111111000
0 0100001001101100 1100000110100100
1 1100000001100101 0100000111110110
0 0100001111110100 0100010011101000
0 1100001010011010 1100001000101001
0 0100000010100001 0100000000110101
0 0011110110100000 1011111001001001
1 0011110011000111 1011101101101001
1 1100000000011011 0011111011010111
1 1100000100111010 0100000101101011
0 1100000110100110 0100000000100000
1 1011110001011111 1011110011100110
0 0011111100110110 1100000001100111
0 0011110100001000 1011110001101001
0 1011111101010110 0011110110100011
1 0011111010110111 1011111010110010
0 0100000001101011 0100000010011010
1 1100000000111011 1100000010110110
0 0100000001101110 0100000110001001
0 1100000100011101 1011111110111101
1 0011110111100100 1011110011010011
0 0011111110100011 0100000010001101
1 1011111111101100 0011111010011000
1 0100000010011010 1100000010110011
1 1100001110110000 1100010010101000
0 1100000111101110 1100000110101010
0 1011110110111100 1011111011000110
0 1100001100110110 1100001001001010
1 0100000110001000 1100001010000110
0 0011110011101000 1011110011010100
0 1011110111101011 1011111100001011
1 0011110011011001 0011110100000011
0 0011111101101001 1011110110011011
0 0011111000111101 0011111001000010
1 0011110011111100 0011111000111010
0 1100001100010000 0100001000011110
0 1100001111101011 1100010000110001
0 1011111001111110 0011110011001110
1 1100001101101011 1100010010111011
0 1011111111010111 1011111011101111
1 1100001001010010 1100001110110101
0 1100000010110001 0011111111101000
0 1011111101101011 1100000010111110
1 1100001000010000 1100001000011000
0 0100000001000011 0100000001100100
0 0011111010001111 1011111011010101
1 1011110011000100 1011110110000011
0 0011111000111100 0011111111010101
1 0100000011111100 0100000110010011
1 0011111100111111 0011110110000111
1 1100000010000101 1100000010101010
0 0011110001100110 1011101011010000
0 1011111111000010 1011111001101110
1 1011111010110111 0100000000011000
0 1100000101000110 0100001000001111
1 1011110100101111 0011110100000101
1 1100000001101111 0011111010101101
0 1011111101001100 0011110110111010
0 1100000001110100 1011111111010100
1 0011110101110000 0011111010011000
0 0100000101101010 0100000111000000
1 1100000000000010 0100000101101011
0 1100001100010010 0100010001110100
0 1011111011101000 0011111001101100
1 1011111000010101 1011111011010000
0 0011111111110001 1011111010001000
0 1011111101000011 0011111111011101
1 1011111000001001 0011111011001100
0 1100000010000000 0100000011101111
0 0011110111011101 1011110011000100
1 1011111000010111 1011110100001010
1 1100000001010100 0100000010111100
0 1011111110110100 1011111010101111
1 0011110010010100 0011110011100101
1 0011111001001001 1011111100001011
0 1100001111100001 0100010001011001
0 1100000110111001 0100001100011001
1 1011111101001111 1100000000011001
0 0100001010110011 1100000111111101
1 1011111010100111 0011111101110100
0 1100000100101101 0100000111010111
1 0100001111101011 0100001011000000
1 1100001010000000 1100000101111000
1 1100000111111010 0100001011001110
0 1100001101011010 1100010000100101
1 1011110101000001 0011110110100010
1 0011111010000001 1100000001111011
1 0011110001101111 1011101111101111
0 0011110010111111 1011111000010111
0 1100001110110101 0100001100000100
0 1011110010010001 0011110000100101
1 0011111100111101 0011111110000100
0 1100001111010100 0100010010010010
0 0011110010111010 1011111001000011
0 1100000000011001 0011111011011110
1 0011111101001100 0011111000101111
1 0011110111001001 1011110111000001
0 0100000111100101 0100001100101111
0 1011110001000101 1011101100000100
0 0011110000111011 1011101010010111
1 1100001100001110 0100001100111011
1 1011110110100010 0011110101011100
1 1011110010010000 1011110001011100
1 0011111001111101 1011110100110100
0 1100000110010010 0100000010111011
0 1100001000001110 1100000101110110
0 1011110111110001 0011110101010000
1 0100001010011011 1100001011101100
1 0011111001011111 1011111001001000
0 0011110101100000 0011110000110001
0 1100001000010000 0100001110001011
1 0011111011011011 1011111011010110
1 1100000101101101 0100000100100011
1 0100001011011010 1100000100000111
0 1100000100110100 0100001001001010
1 0011110111110000 0011110001110100
1 0011111110010011 0011111010110010
1 1011110001001100 1011110110000010
1 0100000110101010 1100000001101110
0 1100001111010000 0100001100000101
0 1100001110000001 0100010000001110
0 1011110111101000 0011111101111010
1 1011110000001000 0011101100101101
1 0100001100110000 0100001110001011
1 1100001001000100 1100000110011001
0 0100001101111100 1100001011101100
0 0011110011010011 1011110010111100
0 0100000100110001 0100001011001011
0 1011110111000001 1011110010010000
1 1011111001101001 1011110011000011
1 1100000111100110 1100001101101001
1 0011111101110101 1011111000010111
1 0100001001101011 0100001011101100
0 1100000100011101 0100000001001100
0 0100000010010101 0011111110111100
1 1100000010101000 0100000111111110
0 0100001110010000 0100001101110001
1 0011111001010111 1011110100101111
1 1100000011011001 1100000011101010
0 1011111101000011 1100000001101111
1 0100000101111101 1100001000001100
1 1100000111110000 0100000001001000
1 1100000101110100 0100000011110010
1 0100001001011001 0100000110000101
1 1011111110001111 1100000000110001
0 0100001000011110 0100000111010001
1 0100001100100110 0100001111101000
1 1100000000111001 1011111100111111
0 1011111110111110 1100000101011000
0 1011111000010000 1011110100110100
0 1011111011111100 1011111100010100
0 1011111100000111 0011111010010110
1 1100000011111110 1100000000111000
1 0100000101100100 1011111110100101
1 1100000111000100 0100001010100010
0 0011110101000001 0011111000111000
1 1100000110011011 1100000000110011
1 0100001011101100 0100000100010100
1 1100000010110110 1100000010101100
1 1100000110011001 0100000101011000
1 0100000000001101 0100000000101110
1 1011111000101000 0011111100111101
0 1011110010011110 1011111001010101
1 1011111110011100 1100000101111100
0 1100000010000111 1100000101111010
0 1011110111011111 0011111100101110
1 0100000101111010 0100000101010110
0 1100000101110010 0100000101101010
1 1100001011111010 0100000111111010
0 0011110011111110 0011101110011010
0 0011110110011111 1011110010000101
0 1011111010011110 1100000001010101
0 1011110010011100 0011101110011010
0 0011110100000010 0011110011110101
0 1100000010111001 1100000000100001
1 0100000100110011 0100000001100100
1 1011110010101110 0011110000011001
0 1011110010100110 0011110000010011
0 0100001101100000 1100010001111001
0 1011110101011010 1011110101010100
0 0011110111111000 1011110011110010
0 1011111110001010 0100000101010000
1 0100001001011101 0100000100110000
1 0011110110001100 0011110011011010
0 1100000000110011 0100000001110011
1 0011110100101110 0011111011010111
0 0100000001101110 1011111100100010
0 0011111101001111 1100000010001100
0 0100001111000011 0100001000011100
0 0011111110100001 1011111011111111
1 0100000111101100 0100000001101000
0 0100001001011110 0100001110110100
1 0100001110001100 1100010001110110
0 1011111101010000 0011110111010011
1 0100001001001110 0100000100000100
1 0011111101110010 1011111111001101
1 0100000111000101 0100000000000110
1 0011111000010101 0011110111001111
0 0011110100111001 0011111011010000
1 1011110001111100 1011101110000110
0 1100000111010010 0100000110110000
1 0011110001000100 0011110111001100
0 0100001001000001 0100000010001010
0 1011111000111001 1011110111100100
0 1011111111000100 1011111001011101
1 1011111111001110 1100000001001010
1 1100001110011100 0100001110110010
0 0100000001011111 1100000101110000
1 0100001101010111 0100010000110111
1 1011110110000101 0011110000111011
1 1011110110010111 1011110101111110
1 0100000011111001 1100000101111001
0 0011110011110011 0011101110111010
0 1011110111100010 1011110111011000
0 1100001100100000 1100001000111011
0 1100001101110100 0100010001010100
1 0100000010001001 0100000101001010
1 0011110101110101 0011110111111100
1 0100000010011010 0011111110111000
1 0100000111010101 0100000100110001
0 1100000001001010 1011111110010101
0 0011111000111010 0011111010100000
1 0011111011111100 0011111111111111
1 0100000110011110 0100001100111000
0 0100000001111010 1100000001001011
0 1011111100100010 1011111100101001
0 1100001001000110 0100000111001110
1 0100001011100000 1100001010110110
0 1011110011111011 0011110010101100
0 0100000000101101 0100000110001000
1 1011110001001100 1011101011100001
1 1011111100111111 0100000011110001
1 1100001100100101 0100010001001000
1 0011111001001101 0011111101010111
1 1011110101011100 1011101110011100
0 0100000001000110 0100000110111101
0 1100000100111000 0100000110001011
0 1100000110101100 1100000111111110
0 1100001001001101 0100000011110110
1 1100000100010110 0100001010100110
0 1011111010001111 1011110111111011
0 0011111110101111 0100000000001000
1 1100001111001111 1100010001010101
1 0100000011100111 0100000111111101
1 1100001010011000 0100001110000100
0 1011111110000110 0100000000011010
1 1100001001001010 1100001000001111
0 1100000101101001 1011111110010101
0 0100000100100010 0100000011000011
0 1011111100110100 0011111111110010
1 0011110101000011 1011111011010011
1 1100001011010100 0100001110000100
1 0100000100010010 0100000000100000
1 1011110011110001 1011110100100101
1 0011111111110101 1100000001010011
0 0011110001000110 1011110100100100
0 0100001010101100 0100001110001100
0 0011110000111101 0011101010001010
0 0011111000110111 1011111001101000
0 1011110101010000 1011101111010011
0 0011110011001011 1011110110001001
0 0100000111011010 1100000011110100
1 0011111110010111 0011111110101000
1 1011111010000000 0011110101111011
0 0100000100001101 0100000111000001
0 1100000101101100 0100001001100100
0 1100000011101010 1100000011001110
0 0100001110100000 0100010010001000
0 1011111110011110 0100000010110000
1 1100000011110110 1100000101101011
0 0011110000110111 1011110100101010
1 0011110011101111 1011110101010110
0 0100000010010110 0011111101010100
0 0011110100011100 0011111000001100
0 0100001001001110 0100001000011010
0 0011111110101010 0100000001110000
1 1011111011100100 1011110100101010
0 0100001110100111 0100010000001000
1 0011110111000010 1011110111111100
0 1100001011110100 1100001010111000
1 0100001011100100 0100000101011101
0 0011110100000101 1011110010110011
0 1100001010011011 0100010001111101
1 1100000001100011 1100000000100111
0 0011110100101100 0011110011011101
1 1011111101100110 0011111011100010
1 1100000000011100 0011111110101011
1 1011111000010100 1011111001001101
1 0100001110110100 1100010100110011
0 1011110111101000 1011111011100001
1 1011111101010000 0011110110011010
1 0100001011010110 0100001001010101
1 1011111001010000 1011110011000001
1 1100000010100110 1100000101100101
0 0011111111000100 1100000010100001
1 0100000000001100 0011111101011100
1 0100001100001111 1100001001111100
0 0100000100010111 0100000011111101
1 1100001011011101 0100000100011110
0 1100000000010101 1100000110101010
1 1011111111011111 1011111101010100
0 1011111100011001 1100000011100010
1 1100001100011000 0100010010111110
0 1011111101011100 1011110110100010
0 1100001101001001 1100010001010100
0 0100000010101001 0100000011110001
0 1100001110010101 0100001111101111
0 1011111001111010 1011110011011010
1 1100001111111001 1100001101001111
0 0011110110010011 0011111011101100
1 0100001100000101 0100001001101001
1 0100000100101000 0100000101100100
0 0100000110101000 1100000000100110
1 0011110111001100 1011111101000110
0 0100001001111000 0100000111100110
0 1100000111100001 1100000100010100
1 0100000011111001 0011111110000100
0 0100000101101100 0100000010001010
0 0100000011110111 1100000110100011
1 1100000111000010 1100000111001111
1 1011111110101101 1011111100100010
0 0011111001000000 1011110110011011
1 0011110000110010 0011110011010001
0 1100001111101101 0100001011000001
0 0100000100101110 0011111110000000
0 0011110011111110 0011110000110010
1 1011111010111101 0011111011100010
0 0100001011111110 0100001010010011
0 0100000100101001 1100001011011100
1 1100000010110100 1100000011101010
0 1011110100000010 1011110110001001
1 1100000101111011 1100001010010010
0 0100000010101111 1100000110111110
0 0011111100001000 1011111101000001
0 0011110000100001 0011101011101100
0 1011110100110100 0011110100010111
0 1011111011110101 1011110110100011
0 1100001110001111 1100001011101110
1 0100001000001010 0100001010111111
1 0011111000010110 0011110100101010
1 1011111100010010 1011111000100100
0 1100001011001100 1100000111000110
1 1100000110111101 0100001010110010
1 0100001001001000 0100000100001010
1 1011110011001010 0011111001111100
0 0011111010110101 1011111011101100
0 0011111011111011 0011111110000101
0 1011111000001111 0011111101100001
0 1011110001100111 0011101111110110
0 1100001110001101 1100001010100010
1 1100000100001111 0100000000000000
0 1100000000110101 0011111110111100
1 1100001000110001 0100001000010010
1 1011110001110000 0011101010110010
0 1011111010010111 1100000001100100
1 0011110000001111 0011110110011001
1 0011110100110100 1011110011000110
0 1100000100011001 1100001011000010
0 1011110010001000 1011110000000001
1 1011111010111110 0011111100101010
1 1100001100100011 0100001010101111
0 0011111000010101 1011111001111000
1 0011111000110010 1011111100111111
0 0100000000101111 0100000001000010
1 0100001001000101 1100001001010111
1 1100000100110001 1100001001111101
0 0011110011000111 1011111000101000
1 1100001000111110 0100001110100110
1 0100001001001101 1100000011011000
0 1100000101010011 0100001000111100
1 0011111011010000 0011111101000011
1 0100001001011000 1100001111010010
1 1100001001001010 0100001100011011
1 0100000101110101 0100000111111100
0 1011111100101001 0011111011010011
0 1011110000100111 1011110000011010
0 1011111111000011 0011111001011000
1 1011110000000000 1011101101110101
1 1011111001100010 0011110100111010
1 0011110101001111 0011110010100001
1 0011110110110110 0011110010110001
0 1011110100111111 1011111010110010
0 1011110100110110 1011110000010010
1 0100000010101100 0011111101110111
1 0100001000100011 1100001110101001
