110110010000100100111010010010
110100111111110100010001110101
100001010101100011001111011000
111100110000100101010101110001
010011010010110111010101110111
011000010001101000011000100111
010110010011010011110000100100
100001110010110000111000111000
010011110110100111100101010000
010101110011001000010011100010
010000010010110011010000101000
100001010100010001100101110001
000000010010110111010000011101
110001010100010010001100000000
110110010101110111110010110011
011010010100010111110000100110
111000001011010000100001010000
100010010111010100110010110110
110001000100110010010111100110
011000110110110000010001010010
100111110000110111010111011000
110110010001110010101100000000
110000011010100011110100110010
010110100000010111110001110010
110101010010010000000100111000
010101111110110111110101110010
010100000100010101110001010000
000100010100011000010001100011
001111110100100101010001010111
100101010001110110001000110010
011110000000010011000000011000
100111001100010100100010100101
010000110111110011010110010000
011001100101100010010111010110
110110110111110101110111100011
100011010100111001010100100010
110100110111000000100000000100
000000110111010010110111001111
100001111000110001110011010110
110111110110100011110000110000
110100100100010111110100110110
110000010010010101000000100010
100001110010110101100111100000
010010010000100101011000110011
100111010000100111100101110100
110010111110011111001100100011
100001000111001111110110100001
010110001000100010110000110110
110000100101110001010001010000
010010000100110001100010010011
110001110100100000101010010101
110100010011010111111101010001
010100010010001010010010010110
110010100110000000010100100010
100100110001010101111000001100
010100110111010100011111011000
100010110111011100010111011000
010111100001100011010111100000
010001110100100010100111010111
110011100110010000010000001100
100110100100010011100000001000
010101010011110010011000011000
011000101000011000100100010101
100010010001100111010100010111
110011101000010000100010110000
110011001100100000110001110001
110110000000010000011010110100
010110100101100101100110010010
100010010010100110100111100011
110111011001100010010010010100
101000110101100000101000111000
101100110011010000000100010100
110010001100110110100011100101
100001110101100101011000001000
011000100011110100110100010110
010101110011010000001100100111
011000100111100001000100010010
100011100001111000110110000100
010011010100111001111000110100
111000101000100100010001100001
010110010100110000111000100000
010100010101011000110011110011
001000110011100111010010010000
100101100000110110010010100001
010011110111100011010010110110
010010100001100000100101100100
000100100010110111110111100001
010110110101110110001010010111
110011010010010101100000110010
010111100000010000010101000000
010110010011100010010010110110
100110111000100111110001100110
011000011000110010000100110010
010000111111100001100001100111
110000010110000000100101010010
101000010110010111001011100000
111000010000100001100111001000
110000010100101101100100010101
110011101000110101010010010000
100000100101010100010110100010
000100100111010000111110110011
001100010010100001110010101000
101000100110010100011000111101
100101010110110000110010110110
010000100110110011110101100010
110101100111010100010011010110
001100010111110001001000101011
110101100001010111001000010110
100110110000100101110010100100
010000101000010001100101010001
010001110111011000110000010010
001001100110111000000100110111
110000111000010000110110011111
000100110011110101110100111000
111100010010110000110101110001
010111100111100101001111000000
110101011000001100100111010110
100001010000010010010000010110
110100110000100010010001100111
010100110111100000100100010110
000000010101001100100000011000
110111100000100110110100010000
010001010001100000011000100100
001001001001110011111100110000
010100010011010010110111010010
100000010000110010001100100000
000000100010110110110110100101
110010100011100001010101101010
100110010111100001110100110101
100111110100001000110110011111
010110001100110110100001110111
010101100010100100110001001100
111000110011110100010101010000
010110001100010011010010010101
010110100111010100110001111000
110010010011010000100111010100
110101110110110100110101100101
100010001101010111100110011010
010000101000010011101000010010
100000001000110111010111100100
110011111001001001111000100011
100110010010011101101100010111
010000011000100110100010010101
010010100001100110100100100001
010101110010110000110010100011
011000100111110001001100110000
010111110100010000101000001101
010101001010110111110101010010
110001101000110011110101100101
100101101100010010010011110101
100001110110100111101101100101
100000010101100011110110001011
010101010010110101000000010000
000000110011001100010000100110
000100101100110110010000100100
001000110101110010100001010001
110100000100100010100101011000
101000010111010111100111100010
100110010000010011100101100110
010100111000100111010011010111
010111010111100010101010101010
011000100010110111100011100011
010000110101111000010101011000
110110010111110011100000010101
100011000000010111110011110001
111000100100110101100011011000
110111100101110111000100110010
111110010101110000100001110110
100000101100101000010000101010
100101010000110011100000101000
100111010111010011101000011011
001000100111010000100101100000
010010110000010110010100010001
010101100011111000100101100000
010111110100010101011100010001
100010101000110011011000110011
001110010100110101101010110010
010000011000010101010000011000
010100101111010000100110010111
001101110100011000011000010101
011000110100010100011000010000
110110010011010101001110110110
101000010100110110000000010010
110111011000010110010011100100
100111110000011000010011010100
110010100100100010010110001111
010010111000111111110111110011
000100100110011000100001010001
100001010100001011111011011000
010011110000110000100001110011
100010101000010010010101100100
100100010111110011100101100111
010100001101100110111000010011
010011010010101000111000111000
110111001110111000010100010100
100001010000010100011010100101
100100010100010000011011100111
110101001100110000110000100100
010011110110010010110111111000
100011110000100000110010100110
010011110101111110010111100101
010001100010111000010110100110
110110110001100001110111010001
110110010001101000110001010000
011000001110110101100010001100
110011001100001101010100101000
011000101000010010110010110111
010100010000110000100001110100
010010111000010001011011010001
000100010101110111100001001100
100110101000100001110010111000
010001010000100001111000010100
010111100101110111100011110000
110101011000010000000000100011
101000100000100000001110100110
010100110111110101110010101010
110111010000110010100101100110
100010100110010110010011010011
100101111101010011010100101000
110001110111100010100011110001
100011010100100101110101110000
010011100010110111010000010111
100101110110000000110101101101
010110110111100001110001100000
111000010001110011011000010100
010110111000001001110011010011
010100010100010010110110000111
010111110100010100110100110011
000100110000100010100000100011
110111010111010100110011010111
011000100100011000100010100001
100010110111010100111000010010
110100100101100000010110110110
101000100000010111100110010011
100001010110010111110010000100
010110101000010011010001010001
100011101000110110100100110111
110000010011110000001010110010
010111010100110100100100110001
100111100001010010100011110111
011000110101110010010101010001
010011010100100110110110100010
100100100010100111010010110110
010011010010011000100010110100
110001110001010011100000110001
100100110100110110010001111000
010111110011000100110010110010
110010001000010111100100100000
110010110111001000010110100000
001000100010011000010101111100
100010111000001110110100010100
110100000100100110001011100110
101000010000010110110011100111
010110010111010010110011010001
110110010011010010001110100101
100110100001011010011000100110
110011100001100100100100010001
100101000100001000110111110011
100111010010000111010011010001
100100110001100100110011011100
010100110010100000100000001101
010110011000100101010000100011
011000010111110100010010010011
110101110101100100110000011111
010110101001100111110111100011
100001100010111000111000100100
010110001100110101110000010100
110110101000110001001101100011
010110100110100111010110111111
110100100101010010010110100111
010011001100010111110001010000
010010010000101010100100001001
110001110111110100110100010000
100100010111011000110100010111
101000011100000000100100010000
000000010010100001100000001000
000000100001010001001110110111
101010110110100001100000111000
010110111000101101110011100001
010110110101110101100000000100
010011110010010111110010010100
110000010101110101010001100111
010100010001100011010110110100
110110100000110011100110100010
111011001000110000110100010010
011000100010100001100000010000
110010010110011000110000110011
101000110101000111100010100011
110110110000110011100111100110
010110100111110011010010110000
010010010010010110010110010110
100001010101010100101000010100
101000010100110110110000100001
011001100110101101100111100000
100011010001010010110111100111
010111110010100100101000110011
110101001111110001010010100010
001000010000100001100000010111
100100001000101001010001100001
010100000111110111100011010100
011100100011110011010010100101
010111010010100010110011100001
100111110010001000010101110001
010101110100010000010100110010
110010100011010000110001010100
001100100010110000101111100001
010001010100110110111000100100
110010110110010010001111110101
110111110001010110110100100000
010010100011011000100001010011
010010011000010111110111110100
110000100010011000100001010010
010111101000101000110110110101
100101010101011110011001100000
110001001000110001110011110101
101011010000100011100111110110
010011010100010101110100110111
010110100100100100101000010101
011001110111110110100010001001
100011001000101000010010110001
100011100010010000100001110001
110010010011110101010110100101
101000010011110111100001010001
110011001011010101010101100001
100000010110110101001110100100
010000010010001110011000100010
111000111100001100110100100000
100000110111110010110100010010
100111001000110110110100110010
011000110111111000110010110101
011000010010110001010011100011
011000100100010100101000110000
010111100011110111011000100110
001100010010010100010001010110
010100110010110000110001110110
100001110011100011010111011111
110000110111110011100111010100
000100010011100001011000110000
110101111000110100001100010101
111011010000110110000100110111
010000010111100000110001010110
100011110001000000100100010110
001000101000011000110011110110
100000110011010010100011000000
010101010100110010100110010110
110001110111010110110110110010
100111110101001111100011100001
100010110100000000011000100010
100100011000100000100111110100
110000110100010001110100100100
001000110101010101010011010110
010100110101110000110000100001
010011100001110001100110110101
010001010100010100011000100011
011000010110010101101010110101
100001001110010100100100010100
110111100001110110010001100100
111100100101010011010001101011
100011100010111010110101011000
010011011000111100100111010001
010110010101010101010001110111
110000110111101011100101110011
110101001101000111100001010110
010010010000010011110101010001
110110010100001100010110010111
011000010000000111110011100100
100101111000010111011111010011
000111100001100110100111101000
100101110011010100100110100000
100011111011010101100100001110
010100010001110101110001110101
110001100000001110010000100011
011000010100010110100111010000
110100010001010111010101010011
111000001000010100001011010101
010110110010001111010100110101
011000010000110010010100110111
000100010011010000100110110000
010000100100010010100110100100
010000001100100100110101100101
010011010000011000110110011000
111001011000111010100111100111
010000010100110101100011100000
110001010101110010011000100010
001001100110100101010000010000
100101010101100110010100110011
110010101000110001011000100001
100101010100100110100001010100
110010010001100101010101110110
001110111101010000100000100001
110110010011100011100111110111
100110001001110101010111010110
010010010111110101100101100011
010000100010010101001000100011
101101010100111000010010110110
100111010111100010010000100110
010010010111010011110111110011
110111110111011000110011100110
010100010011010010010010000100
011011010000001011011000100100
111000001101100101110011010110
101111111000010010000100100101
110101111000100110100001011000
010101110110010001001101100001
100101010100110010010010010110
100011010000010011101101110101
001010100001010001110001010001
100001010100110001010111010101
010011010000101000100110110011
100001010100010111010111010111
010111110011110110010100100010
111000100011100101110100001100
110011100100100000010000100000
101000110000010000010101111000
100110010000110000010100110001
100000111000101000010000100100
010010010010100011100100100000
100111110011010111000100110001
010111100011101000001110110010
001000100111110110011000010001
011000100101001111100100110101
110011110100010001011000010011
100111110011010101100001100111
100001101111010110100000100000
100101110110001100110000110000
011000010101101000010111010001
010011010000110000100100110000
100010010100111000100001001110
110011010110011000100111010011
101000101000011000000111010100
110010010000100100100010010000
010010100011011000100000010101
110111110100010101001110100001
001010100101100100100000100001
111001110110100001110111110010
100010101000001011010111100101
111111110000110111111000101000
100011000111100100100000010100
110111010000101000110000110001
100011110100111000010010110101
010000001010100011100000110011
010010110111010001000111010100
110100110011010110010101001100
100000110101110011010001110001
110110110111011000110110100010
010000100001110101001100100011
110110001000001101011100100111
110101101010100111110111110001
010011101000010001010000111000
001001010100110110010110000000
001100110001001100100011010000
010000001000011010010011110000
001100100010110000110000110011
011011100001100001100101100011
110011100100100010010001010110
111000010010010110010010110110
111110100101010000000000011000
110001100001010111011000010011
010001111000010101011001100101
010000010101010001101000110010
010011110001011000110110001000
010011001110001100010000110110
110001010110100010110101111011
110011110001110011010000010110
110001111000100101010101100101
010100111100010111011000000111
111011010100010000010111111000
110011001100000000010011010000
010100110000010000010110010100
101000110010110111000111001100
110011100001001110100100100000
111000000100001001100000100000
101100110111011000110001110000
100111010011110000010100010111
010000100011011110111000100010
100001001000100101110010110110
110111110100100101110110010110
110000010111100001010110110110
010110000111010100001000001101
110100110010011000100010100001
011000100100011000001001110110
001110110010100011010110110110
100101110111010000010101110111
110001111000010100100101110111
101110100110100000010000101101
010000111010100011111000101000
001000010111110010100000100110
010100101000001010011110111010
110010001100010011110011110010
100100100001110100010000010111
010111100011110101100001110101
001001100110100100100010110001
010100010100011000111111011000
110111000100100110010100101000
100001001011110111100100100111
110101010000010101101000010001
111100111000010001111000110010
100001110101110110010001110111
111000110111001110011000110001
100101011000100010110010010111
100010101000100111100110100010
010011010001010011010011010001
000010000011000011000001000011
100101100001100011100010100101
010000010011010001010000010010
000101000110010000010000000100
010100010011110100110100010101
100001110110100001111000110111
010100010100110111110110110101
010111000000000000010110011000
010011010100010011010011010101
100100100100100011100100100010
000011000100000100000011000011
000010000010100011100011100011
010011010001010010100110100110
010011100011010011010011100011
000010100110100110000010100110
110101000000110101000010000001
010001010001010110010110010110
010110010110000100010110000100
000011010010010100010011000011
000101000101010010010010010010
100110010000010000010000100110
100001000111001000000110100001
010010010010000100000100010010
000010110100110101110110000010
100010110011110011100000100001
110000100001100010100000110000
100110100111101000000110000110
010000000100010000000101000110
001000000110110000000111110000
110101010000110101010000010000
100100100100100001100001100100
000000000000010110010110010110
000110100100000110100100000110
010101010111110000110000010110
100100100011100100100100100011
000000000000010101000000010101
100101100101100101000101000101
010011000000010011000000000000
100100000001100101000001100011
100100000001100100100100000001
000011000011000100000101000011
000010000110000010000101000111
010011000000010011000001000010
100010010010010001100010010011
100101000100100110100111000100
110000000101000111110000000110
100001110100100001110100100001
010101010011010101010101010011
000001000011000010000110000110
000010000100010001010001000011
100001100011010010010010100010
000010010100000011010100000001
000110010001010001000100000101
000000000001000010010101010101
100101100101100101000110000110
000100000100010101010101000100
010100000011000010000100010100
000010000001000000000001000001
100101100001100110100100100001
000110010010000110010010000110
010000010001010001010001010000
100011010101010101100001100010
000001000011000011000011000001
010110010010010110010010010010
100110010101010101100110010101
010101010101000000000000000000
010101000010010101000010010101
100100100011010011010011100010
100110100110100001100001100110
100110000010100110000010100110
100110100110000110100110000110
100010100010100101100011100100
000001000001000001000000000010
100101100101000100100101000100
100100000010100100000010000010
100001100001100001110001110001
100101100101110000110000100101
000101000101000000000000000101
010101100000100000010110010100
100010100010100010100010100010
010101000101000101010011010100
010100010110010100010101010100
010001100010010001100011100001
100000100101100001100101100010
010000010000100100100010100011
100001000000000000100011100010
010011010011010011110101110101
100101100101000000000000000000
000100000010000010000100000100
100100000010100100000001000000
100001100010100001100000100001
100011100010100101100100100010
000001000001000000000000000000
000000010010010010000010000001
000010010011000010010011000010
100110100110100100100010100011
000101000100000010000011000010
010011010010100010100010010100
000000000000010000000000010000
010110010110010110010001010001
010100100011010100010100100011
010111010101010110010101010101
010000100010010000010000100010
100110000010000010000010100110
010010010010010010010101010101
010000000000000000000000010000
010010110010010010110010110010
100110000110000110100111101000
000001000001110000110010110001
010010100010010011100010010001
000011000001000100000001000101
110111110110010010010010110101
010110100100011000010111100100
000010000001000010000010000011
010111010011011000010011010110
000100000100010011010001010010
100110010101100110010110010111
100000010001010001100000010001
100000010011010011100000100000
110101100110110110110111100110
000010000010000110000101000100
100110000011100100100101000011
000101000101100010100010000101
110001110001010010010100010011
111000110110010010010010110111
010110011000010111000011000011
000111000110000001000001000101
100000000010000011100000000100
000110000111010010001000010010
010101010101000111000101000110
001000010010010010000111000110
100000010010010010100000100000
110001100100110001100011100010
010000010011010011010011010000
000001000010000011100110100110
010100010100100011100011100011
100100100101100001100001100110
010011010101010011010011010100
010100010100010011010011010100
100100000110100100000110000110
000000010100010100000000000000
000010010101000001000011010101
100001110011100001100001110011
010011010011000100000100010011
010011100001100001010011100001
010100010100100100100100010100
010001010011000000000000010010
100010000101100001100011000101
000101000101100011100011100011
110101100011110101100100100010
100101000000000001100101000010
010001100110100110100110010001
000011100001000011100001000011
000100000100010100010101010011
000110100101000111001000100101
100001010000010000100001010000
010100010001010010010011010001
100011010011010011100011100011
010000010001010001010001010000
000011010000010001010010000011
010101010101100100010101100100
000010000110000010000110000010
000010000100100001100001000011
000001000001000001000001000001
000010000010100011100100100101
000100000010000100000001000011
010011100010100010010101010100
000110000001000001000110000110
110011110011000010000010000010
010011100111010011100110101000
010101010010010101010011010100
010001010100010001010110010101
010110010110010011010011010110
100001100001100111100110101000
100100100100010001010001010001
110000010100110000010110010101
000011000011000101000011000101
100000100000100000100100100100
000110000011000011000110000110
010110000000010110000000000000
100001110001100000100010110001
000110000110110101110101000110
101000100100100110100111100100
100100100100100000100000100000
100101100101110100100101110100
000110010110000110010110010110
000110100011000101100011000100
000101000111000110010101010101
100001100001010110010110100001
010001000010000010010001000010
100100010001100100010001100100
010101010011000000010100000000
000100000100000100100011100011
110101010100110101010100010100
100011010010010010010010100011
010101100011100100100010010101
100100000110000110000110100100
010011010110010011010011010110
000011010001010011000011010010
100110000101100110100110000101
100011100011010101010110010100
100010010011010011100010010011
010100010100100100010100100100
000000000000000000000000000000
000100010000010000000110000101
100101010110100101010111010101
010011010011100101100101100101
010100010100100001100001010100
100010100001010101010101100000
110001100110110010100110110000
010010000110010010010010000110
100110010001010000010010100110
000100000101000100000100000101
000101000101000011000011000011
010100010011010100010010010100
010110010110000011010110000011
110011110011010010010010110011
010011000001000010000011010011
100011100001110100110100100010
100110010110101000100111010110
100110010100100111101000010100
010110000000010110000000010110
010101000100000100000100010101
100100100011000110000110100010
000110000111010000010000001000
100011100011000011100011000011
010100010100010100010100010100
100011100011000101000100000110
110010100010110011110001100010
000011100101100101100101000011
010101000000000000010101000000
000110100100001000100100000111
000011100001000011100001100001
000111001000100010100010000110
010010010110010001010011010110
000000100010100010000000100010
010001010100010101010001010110
000110010101000110010101010101
010001100001100001010010010000
100000100010100010100000100010
010111010011010011010110010101
010001010001010011010001010011
110010110010010001010001010001
100110010000101000100111010000
000101000101010100010100000101
000001000011000001000011000011
010001010000010010000001000001
000100000100000011000100000011
100000010100010101010011100000
010100010101010110010101010101
000100100110100110000100000100
010010100011100011100011010010
100010010001100011010001100100
000010000000000001010001010001
100100000011100100100100000011
010001000100010001000100000100
100100010110010110100101100110
100011000111100011000110000101
100001101000100111100110100001
010001010000010001010001010000
100100010110100011010110100010
100111100110010010101000010010
000011000101000100000100000100
000101000010000111000010000110
100010010110100010010110100010
000101010011000100000011010011
100010100010100010010000010000
010111000001011000000001010110
010010100100100100010010100100
010101100110100110010101100110
110010110010000101110010000101
010000110100110110010000110101
000101110000110000000100000011
100000100000100000100101100101
000001000001000001100001100001
100010100111100010100110100101
100110010001010010010000100110
000011100000000101100000000100
100001100000100010000110000110
000101000101000101000100000100
000010100011100011000010100011
100110100100100011100101100110
010000000000010000000000000000
010001010100010100010100010001
100001100001010011010011100001
010001010010010011100100100100
110010110011110100010011010011
000010010010010010000010010010
110101110011110101110011110101
100010010011010011100010100010
100101000011100100000011100011
010000100001010000010000100001
000100000101010110010110000011
100000100000010110100000010110
100100010110100100100100010110
010010000010010010000010000010
100101110101100101110100110110
100000000110100000000110000110
100100100011100010100110100110
010110010110010001010001010001
100101100101100011100001100010
010110000110001000000111010110
000101100111000101101000100110
010000010000000000000010000001
000001010110000001010101010100
100010100010000011000011000011
110011110101110100110010110101
110101010011010011110100110011
000011000101000101000011000101
100110000000100110000000100110
010100110101110011010100110100
000011000011100001100001000011
000110000110010110010110000110
000101000101000101010100010100
100000100000010001010001100000
010001010001100100100010100011
010011010011000101010011000101
010110110110011000010111110110
010001010010010100010011010100
000001000001010011010011010011
010101110101010101110101110101
110011100110110100110010100110
010000010000010000010000010000
010001000110000110010010010011
010001100010010001100010100010
000010000010000011000101000100
000001000010000010000001000010
000000100110100110000000000000
010010000000000010000001010010
010011010011010011010011010011
010011000000010011010011000000
110001000100000100110011110010
010011010011010100010100010011
000010100011100011000010000010
010011000000000000010011010011
010101000101010101000101010101
000001000001000011000001000010
100001010001100001010011010010
110100000100000100110100000100
000000010011000000000000010011
010011000010010011000001000000
010000010110010000010110010000
110010110001010001110011010001
000101000101100000000101100000
010011010011010011010100010100
000101100101000100100101000011
100101000110100100100011000110
110101110101100110100101100100
010100010101000010000010010110
100110000110001000100110000111
010101010011010011010100010011
101000100110110101110101100111
110100100111110100100101100110
010100010011010110010110010010
010101000101000110000100010101
010100010101010110010000010000
100111010100101000100110010100
010011110101010011110110110100
100110010001010001010001100110
000001100010100100000001100011
000010000010000010000101000101
010010010010000000000000000000
010000000011000101010000000100
100110100110010000100110010000
010001010101010001010001010101
110110110110000011110110000011
010010010010010010000101000101
000000000000110010110100110011
110100010001010001110100010001
010000010000010011010000010011
100101100101100100100101100011
010100010011010100010011010011
000010110101000011000001110101
100011100001100011100001100001
010001010001010011010011010001
100001100100100011100001100010
010110010110010110100010100010
100011100101100011100011100101
110010110100100000110011100000
000100010000010000000100010000
000101100001000101100001000101
000000010010010010010010000000
010111110101010110010101110101
100100010010100100010010100100
010101010111010011010110010011
000011000011000110000111001000
000100000101100011000110100011
000011110110000011110111110101
010001010101010110010001010100
000110010000010000000110010000
000100000110000101100101100101
000010100100100100000000000001
100001100001010100010101010110
010011100010010011100010100010
100011010000010000010000100011
100011100001100100100001100010
000000000000000000100000100000
110011110011100001110011100001
101000100111000011100110000011
010110000100000100000100010110
010100010101010010010011010010
010011010011000011000001000010
000101110101110101110101000101
000101100000000101100000100000
000010000011000001100010100010
010101010101010100010101010100
000000000101000101000001000010
100100000011000010000100100100
010010010001010110010000010110
100001010110100001100001010110
000001000110000001000110000001
100001100101100100100001100011
110101110011110100010011010011
110010010010010011110010010100
000001100110000001000001100110
010010000101000101010001010000
010111100100010101100100010110
100000100000010110010110100000
010110010110010110010110010110
110001000110000110110001110001
010011000101000101010011010011
000010010100000010010010010011
000000000001000010110001110001
110011110011110011100100100100
010000110110110110110110010000
100000010000100000010001010010
000011000001000101000101000010
100110010101010110100110010111
110110110110100111100110100101
000101000101000100000100000100
010110100100100100010110010110
000110000001000001000110000110
100011000100000101000011100011
100000000000000010100000000001
000001000100000100000010000011
100110100001100110100110100001
000011000101000011000100000011
100000010110100000010110100000
000110010000010000000110000110
100000010110010111010101100000
010001010010000101000101010011
110010110010000100000100000100
010011100100010011100100010011
100110100101000011100111000011
100001110001100010100011110001
100011100011010000010010010001
000010000011000011000100000011
110110010001110110010001010001
100001100100100010100100100011
000110000110000110000100000101
000101000101110011110011000101
100001100010010011100000010011
100010100011100010100010100011
000110100011000110000110100011
100101010101010011100101010100
100011100011010001100011010001
100100100100010010010011010001
110100010011010011110100110100
010001000000000000000000010001
000101100010100010000101000101
100010100011000010100100000010
110001010110110001010110010110
010001010001010011010001010011
100101000100000100100101100101
001000000110100100000111100100
110000000011000010110000000001
000010000010100110100110100110
000100010001000100010001000100
100010100011010000010000100100
000110000110100010100010000110
010000010001100011100011010010
000101000010000101000101000010
010011010100010100010010010001
000110000111000011001000000011
100101010010010010100100100110
000010000010000010110101110101
000000000101000011000000000100
010001000000010011010010000000
110001100101110001100101110001
000100000100000100100000100000
000100000001000100000011000010
000111000110000110000110000101
100000100110100110100110100000
010011011000010110010111010011
101000100110100100100100100111
000010000001100101100101000011
100011000001100010100001000001
000100010101010101000100000100
000011000011010101010110010100
000100010010010011000100010100
100001000010000011100001000001
000110000100000010000110000011
110101110101100100100100110101
010000010000010111010110010101
000101000110000110000110000101
110100000101110101110110000101
010100010011110110110110010010
000101100110000101100110100110
