1000
01 0 01101011 1 00001010 
01 0 01111100 1 01100111 
01 0 01111010 1 01011011 
10 1 00110111 0 00100011 
01 0 00100011 1 00011000 
10 1 01000000 0 00100101 
01 0 00011001 1 00010010 
10 1 01010100 0 01111000 
10 1 00011001 0 01011010 
01 0 01010000 1 00110100 
10 1 01111010 0 01110001 
10 1 01000010 0 00001111 
10 1 00000011 0 00010111 
10 1 01100110 0 00000000 
10 1 01111110 0 01010101 
00 0 01010011 0 00010000 
00 0 00111000 0 00111101 
00 0 01110010 0 00010111 
00 0 01010001 0 01111101 
00 0 01001101 0 01001010 
10 1 00011111 0 01010101 
10 1 00110100 0 01001001 
01 0 00010111 1 01100010 
01 0 00111101 1 01001010 
00 0 00110000 0 00101111 
00 0 01000010 0 01111001 
00 0 00010110 0 00100001 
00 0 00001001 0 00010100 
10 1 01100100 0 01000110 
10 1 00111100 0 00110111 
10 1 01101011 0 01000110 
01 0 01111110 1 01011011 
00 0 01010011 0 00011101 
01 0 01010101 1 00110000 
00 0 00000100 0 01000101 
00 0 00111000 0 01011111 
00 0 01010101 0 01101101 
00 0 00011001 0 00100101 
10 1 00111000 0 00001011 
10 1 00010010 0 00000110 
00 0 00110000 0 00011110 
01 0 00010111 1 01011110 
00 0 00001001 0 00000101 
00 0 00101111 0 00011111 
01 0 00110101 1 00001111 
10 1 00000101 0 01101100 
10 1 00011001 0 01000010 
00 0 00111000 0 00010010 
10 1 01001101 0 01011001 
01 0 00101110 1 00001111 
10 1 01110111 0 00001010 
10 1 00011001 0 01100100 
00 0 01000010 0 01011011 
10 1 01111000 0 00101011 
10 1 00110100 0 00001110 
10 1 00101000 0 00101001 
01 0 01000000 1 00011110 
10 1 01110001 0 00101100 
00 0 01111000 0 01101000 
10 1 01001111 0 01011011 
01 0 01000000 1 00100111 
10 1 00000011 0 01110101 
10 1 00010100 0 01010101 
10 1 00001011 0 01000111 
00 0 00111101 0 01111011 
01 0 01001001 1 01011011 
10 1 00100001 0 01001111 
01 0 01101010 1 00010100 
00 0 00110001 0 01010101 
00 0 00111101 0 00111001 
10 1 01110010 0 01100000 
10 1 01101010 0 00001000 
01 0 01101011 1 00001011 
00 0 01110010 0 00010000 
01 0 00101000 1 01110010 
10 1 01111100 0 00000000 
00 0 01111110 0 01010011 
01 0 01110111 1 00001100 
01 0 00110000 1 00010101 
10 1 00100001 0 00000011 
01 0 01101010 1 01010000 
00 0 00110110 0 00000011 
10 1 00000000 0 00011001 
00 0 00011110 0 00110010 
01 0 01000111 1 00101110 
00 0 01111001 0 01100101 
10 1 00010100 0 00000101 
01 0 01110011 1 00011101 
01 0 00100010 1 01011000 
00 0 00100111 0 01000111 
00 0 00001010 0 00001010 
00 0 01000010 0 01010000 
01 0 00001010 1 01111110 
10 1 01110101 0 01101111 
01 0 00101101 1 00110101 
01 0 01001010 1 00000010 
00 0 00100110 0 01000101 
01 0 01010110 1 01011110 
10 1 00010111 0 01010110 
10 1 00001001 0 00001010 
01 0 00101001 1 00100110 
10 1 01001010 0 01011100 
01 0 00100001 1 01001011 
00 0 01111010 0 00111101 
00 0 01001110 0 00101101 
10 1 00010010 0 01001101 
01 0 01010100 1 01001100 
01 0 00011011 1 00011001 
10 1 01111011 0 01111001 
01 0 01010111 1 00011111 
01 0 00011101 1 01111111 
01 0 00001001 1 01001101 
01 0 00100111 1 00101010 
10 1 01100000 0 00010110 
00 0 00010101 0 00110010 
10 1 00111000 0 00001111 
01 0 00000010 1 00011001 
01 0 01001010 1 01110010 
01 0 00110111 1 01101100 
00 0 01011110 0 00111000 
01 0 00101010 1 01101110 
00 0 01011011 0 00011101 
00 0 00000111 0 01110011 
10 1 00110011 0 00011110 
01 0 01100101 1 01000001 
00 0 00001010 0 00110111 
10 1 00100101 0 00011010 
00 0 01110101 0 01100000 
01 0 00100110 1 00011010 
10 1 01111100 0 00100101 
10 1 01100111 0 01101100 
10 1 01111110 0 01010010 
01 0 01111111 1 00110011 
10 1 00111000 0 00000010 
01 0 01010001 1 01010010 
00 0 00100101 0 01000001 
10 1 00100111 0 01100001 
10 1 01001011 0 01111000 
00 0 00010101 0 00001010 
00 0 00111001 0 00100001 
00 0 01001100 0 00000011 
01 0 01010100 1 00101001 
00 0 01110101 0 01011111 
10 1 01100001 0 00001000 
10 1 00010111 0 00010011 
10 1 01101101 0 00110100 
01 0 01101010 1 01111011 
01 0 00111011 1 00000101 
10 1 00000000 0 00101110 
01 0 01000001 1 01010101 
00 0 01111110 0 01000011 
01 0 01101000 1 01100010 
01 0 00001111 1 00101001 
10 1 00100000 0 00111101 
01 0 01010101 1 00001110 
00 0 01111011 0 01101010 
00 0 01111101 0 00010100 
10 1 00100110 0 01011010 
01 0 00001001 1 01110111 
01 0 01110101 1 00001100 
00 0 01111000 0 00100110 
00 0 00001000 0 00100001 
10 1 01010010 0 00011010 
10 1 01011000 0 00110001 
01 0 01111101 1 00011100 
00 0 01110111 0 01010110 
10 1 00011111 0 01001011 
00 0 01100011 0 01001011 
10 1 00011111 0 00110000 
00 0 01100100 0 01110001 
01 0 00110000 1 01110100 
01 0 00010011 1 00001011 
00 0 01111100 0 01000001 
00 0 00110111 0 00111010 
00 0 01101011 0 01001110 
00 0 00100101 0 01101101 
10 1 01101100 0 00010101 
00 0 01101010 0 00010000 
00 0 01101010 0 00100111 
10 1 00000111 0 01110010 
01 0 01101010 1 00000111 
01 0 01010011 1 01000000 
00 0 01011010 0 00010010 
00 0 01011011 0 00000111 
01 0 01011001 1 00101101 
00 0 00111011 0 01011101 
00 0 00100100 0 00110101 
00 0 00110100 0 00011111 
10 1 00000001 0 01001011 
01 0 00000110 1 00111011 
00 0 00101111 0 01110100 
00 0 01111010 0 01011000 
10 1 01000010 0 00100001 
00 0 00110101 0 01011100 
01 0 01111001 1 01001010 
01 0 01010011 1 00101111 
10 1 00010100 0 00011010 
10 1 01001110 0 00101000 
01 0 00100101 1 00100000 
00 0 01010000 0 00111110 
00 0 00101111 0 01001010 
01 0 01101011 1 00001011 
00 0 00000101 0 01100100 
00 0 00010010 0 00100001 
01 0 01001100 1 01101010 
10 1 00100100 0 01101100 
01 0 01011010 1 00010101 
00 0 01110001 0 01011110 
10 1 00001110 0 01100000 
01 0 00000010 1 01101010 
10 1 01010010 0 01110000 
00 0 01011111 0 01001011 
01 0 00010111 1 00101111 
00 0 01000110 0 00011100 
10 1 00100111 0 01110010 
01 0 00101111 1 01101011 
01 0 00101100 1 00111111 
01 0 01010111 1 00100100 
01 0 01110110 1 00010110 
01 0 00110100 1 01001011 
00 0 01110010 0 01110110 
00 0 00110111 0 01001100 
00 0 01001101 0 00100111 
01 0 01111000 1 00010111 
10 1 01111111 0 00111011 
10 1 01100111 0 01000111 
10 1 00000101 0 00011110 
01 0 00001010 1 00000000 
01 0 01100101 1 01100101 
01 0 00011010 1 01000000 
01 0 01001000 1 00110010 
10 1 00010101 0 00001001 
00 0 01000011 0 01001110 
10 1 01010111 0 00011110 
10 1 00111111 0 00101001 
00 0 01101010 0 01001010 
01 0 00100010 1 00110101 
10 1 00011010 0 01101001 
10 1 01100111 0 01000111 
01 0 01110001 1 01011111 
10 1 00100011 0 00101000 
00 0 00011110 0 01100001 
01 0 01110111 1 00100011 
10 1 01001100 0 01011010 
10 1 01111001 0 01101010 
00 0 01111010 0 01111101 
10 1 01010001 0 01111110 
10 1 00001111 0 01110001 
01 0 00100100 1 01111110 
00 0 00110111 0 00000110 
01 0 01111000 1 01100100 
00 0 00010001 0 00010100 
10 1 01100101 0 00000001 
01 0 00001010 1 00011101 
10 1 00000000 0 01000101 
10 1 01001010 0 00111010 
00 0 01001001 0 00110000 
00 0 01101111 0 01110101 
10 1 01010100 0 01100010 
00 0 01010100 0 01101011 
10 1 01101111 0 00100101 
01 0 00100101 1 01010000 
00 0 00110101 0 00101111 
01 0 01011001 1 01100011 
01 0 01111101 1 01100011 
10 1 00111000 0 00110010 
01 0 00110100 1 00001100 
01 0 00001000 1 00111011 
10 1 00010101 0 00101111 
01 0 00001110 1 00101100 
00 0 01001100 0 00010110 
10 1 01001000 0 01011010 
01 0 01110101 1 00001101 
10 1 01101110 0 01110100 
01 0 01000001 1 01111001 
00 0 01010110 0 01000100 
00 0 00001011 0 00001101 
00 0 01011001 0 00000000 
01 0 00000001 1 00100011 
00 0 01101101 0 00111000 
10 1 01100101 0 00111000 
01 0 00110001 1 01010110 
10 1 00011010 0 00010101 
01 0 01010010 1 01110100 
01 0 01000001 1 00000111 
10 1 00001011 0 00110000 
01 0 00010100 1 00110101 
10 1 01011000 0 00110000 
00 0 01000000 0 01001101 
01 0 01100010 1 01000001 
01 0 01011000 1 00111101 
00 0 01001110 0 00010010 
00 0 01110101 0 01111110 
10 1 01110000 0 00001100 
01 0 01111110 1 01110101 
01 0 00011110 1 00010101 
00 0 00111101 0 00011001 
00 0 01101001 0 00110110 
01 0 00010011 1 01101101 
10 1 01100100 0 00001010 
00 0 00111111 0 01111101 
00 0 00100000 0 01000111 
01 0 01010001 1 01101111 
00 0 01001001 0 00110011 
10 1 01001011 0 01110001 
10 1 01110110 0 01000010 
01 0 00111011 1 00000100 
00 0 00011001 0 00101100 
10 1 01101010 0 00111111 
00 0 01001000 0 00000001 
10 1 01101101 0 00001100 
00 0 01100010 0 01000101 
00 0 01011011 0 00111010 
10 1 01001000 0 00111000 
10 1 00111101 0 00010000 
10 1 01001110 0 01010011 
00 0 01011111 0 01111010 
01 0 00101011 1 00100011 
00 0 01010011 0 01011101 
10 1 00000110 0 00100001 
01 0 00100111 1 00101101 
10 1 00010011 0 00100010 
00 0 01111111 0 00110110 
00 0 00100001 0 00111011 
01 0 01011010 1 00100001 
10 1 01111111 0 00011011 
10 1 00000110 0 01011011 
01 0 01110100 1 01001111 
00 0 00111000 0 00101001 
10 1 01111110 0 01111011 
10 1 01010000 0 00010100 
01 0 00100011 1 01100110 
10 1 00110000 0 01010001 
01 0 01100010 1 00001111 
00 0 00001001 0 01010000 
10 1 00111111 0 01010111 
01 0 00111001 1 01000010 
01 0 00101001 1 01001110 
00 0 01011011 0 00001110 
10 1 00100110 0 01011010 
00 0 01111101 0 00001111 
00 0 00111101 0 00001011 
00 0 00111001 0 01010011 
00 0 00001111 0 01011000 
10 1 01101100 0 00100010 
00 0 01110010 0 01101111 
00 0 01011011 0 01001111 
00 0 01010100 0 01101000 
01 0 00000010 1 01101000 
01 0 01110110 1 00001010 
10 1 00011111 0 01101000 
01 0 00101011 1 00000000 
10 1 00100011 0 00100101 
00 0 01010100 0 00111100 
00 0 00111111 0 00000101 
00 0 00101011 0 00010100 
01 0 00011010 1 01110101 
10 1 00100110 0 00001010 
01 0 01010111 1 01100000 
00 0 00001001 0 01111111 
00 0 01011011 0 01001010 
10 1 00100110 0 01110101 
00 0 01011011 0 00101001 
10 1 01100111 0 01010110 
01 0 01111110 1 01100100 
00 0 01001111 0 01001001 
10 1 01111000 0 00001000 
10 1 01000011 0 00001001 
01 0 01100101 1 00011110 
01 0 01011000 1 01111110 
00 0 00000101 0 01000101 
10 1 00001000 0 01000001 
10 1 01001010 0 00110101 
10 1 01010111 0 01100010 
01 0 00110101 1 00011101 
10 1 01010100 0 00111110 
10 1 01011010 0 00101001 
00 0 01010100 0 00000010 
10 1 00001101 0 00100111 
01 0 01011100 1 01001010 
10 1 01001011 0 01010010 
01 0 01100111 1 01101110 
00 0 00000000 0 00100100 
10 1 00001011 0 01110001 
00 0 01010111 0 00000010 
10 1 01111010 0 01000001 
10 1 00110000 0 00010001 
10 1 01101100 0 01000111 
00 0 00101011 0 00010000 
10 1 00101000 0 00011100 
10 1 01100010 0 01101111 
01 0 01001111 1 01001000 
00 0 01101101 0 01000111 
01 0 01010001 1 01010111 
00 0 01101110 0 00100100 
00 0 00100111 0 01100010 
01 0 01110110 1 00001001 
10 1 01101001 0 00111010 
00 0 01011100 0 00101000 
10 1 00110001 0 01011010 
10 1 01111111 0 00000100 
10 1 00111111 0 00111101 
01 0 00101111 1 01101011 
00 0 01110010 0 00111100 
10 1 01110011 0 00011001 
00 0 00101010 0 01110000 
00 0 01101101 0 01100101 
01 0 01000000 1 01101111 
01 0 01010011 1 00010111 
01 0 00000111 1 01111110 
00 0 01000000 0 00110011 
01 0 01100010 1 01101111 
10 1 01100011 0 00001001 
10 1 01110111 0 01011010 
10 1 00100000 0 01000111 
01 0 00000110 1 01100101 
01 0 00100010 1 00001010 
00 0 01011000 0 01011100 
00 0 00010001 0 00110000 
10 1 00011100 0 01111000 
00 0 01010000 0 00000110 
01 0 01100100 1 00100000 
10 1 01000110 0 01101000 
10 1 00100100 0 00100101 
01 0 01001110 1 00001111 
00 0 00100000 0 00100010 
01 0 00001011 1 00001011 
10 1 01100011 0 00101110 
01 0 00010101 1 00010100 
10 1 00101100 0 01000011 
00 0 01000010 0 01010011 
10 1 01000000 0 01000010 
10 1 01110100 0 00100111 
01 0 00100111 1 00001001 
10 1 00101101 0 00001000 
01 0 00010010 1 00110001 
10 1 01110100 0 00111101 
01 0 00101000 1 01010101 
10 1 00100010 0 01111001 
10 1 00001110 0 00010101 
10 1 01010111 0 00000000 
00 0 00011010 0 01101101 
10 1 01011010 0 01110011 
01 0 01100000 1 01011100 
10 1 00011110 0 00100010 
01 0 00000101 1 00101110 
10 1 00100000 0 00000100 
01 0 00110001 1 00001011 
01 0 00001111 1 01001111 
01 0 00001101 1 00101011 
01 0 00010011 1 01101000 
00 0 01110000 0 01011010 
10 1 01000001 0 01001111 
10 1 01110100 0 01101001 
00 0 00000111 0 01110100 
01 0 00110000 1 01100011 
00 0 01011011 0 00011000 
00 0 00000110 0 01011001 
00 0 00101101 0 01100111 
10 1 00000011 0 01010010 
01 0 01111110 1 01111001 
00 0 00001101 0 01100110 
01 0 00000111 1 00011000 
00 0 01010101 0 01011011 
00 0 01111000 0 00001000 
00 0 01001001 0 00001001 
00 0 01100000 0 01010110 
00 0 00100101 0 00101001 
00 0 00101000 0 00111110 
10 1 01010100 0 00000110 
01 0 01100101 1 00001011 
00 0 00111101 0 01001000 
01 0 00101011 1 00111100 
01 0 00111001 1 00101001 
01 0 01110110 1 01011101 
10 1 00100011 0 01100010 
10 1 00000011 0 00101001 
10 1 00000001 0 01100011 
10 1 00101100 0 00100110 
00 0 00000110 0 01010010 
10 1 00000000 0 00001001 
00 0 00011100 0 00100101 
00 0 01100001 0 00000110 
01 0 01101111 1 01010101 
10 1 00111111 0 00100011 
01 0 00110111 1 01100110 
00 0 00100001 0 01101000 
10 1 01011001 0 00011000 
01 0 01101111 1 00111110 
01 0 01100001 1 00111001 
01 0 00111101 1 01111011 
01 0 00010001 1 01000000 
01 0 01011111 1 00000101 
10 1 01111001 0 00111100 
01 0 00001010 1 01010010 
01 0 00011011 1 00001100 
00 0 01100100 0 00000110 
01 0 01100100 1 01101110 
00 0 01110101 0 01110110 
00 0 00101011 0 01010111 
01 0 01101001 1 00101000 
10 1 01001000 0 00011100 
01 0 01011000 1 00100100 
10 1 01011011 0 01111001 
10 1 00001101 0 00110010 
01 0 00101101 1 01010011 
01 0 01100001 1 00001010 
01 0 01101110 1 00001000 
10 1 01101001 0 01000100 
01 0 00110101 1 01011000 
00 0 00100001 0 00011100 
10 1 01011011 0 00101010 
00 0 01101110 0 01100101 
01 0 00010011 1 00010011 
01 0 00100011 1 00101011 
00 0 00110101 0 00101010 
00 0 00000111 0 00100010 
01 0 01011011 1 01001001 
10 1 01010101 0 00011110 
01 0 01000011 1 00101000 
01 0 01010100 1 00100101 
01 0 01001110 1 00111100 
01 0 01011000 1 01100011 
01 0 01001110 1 01101000 
01 0 00011001 1 00100111 
00 0 00000001 0 00011011 
10 1 00110100 0 00011100 
01 0 00101011 1 01100000 
00 0 00001001 0 00000010 
00 0 01011100 0 01111011 
01 0 00011011 1 01110011 
01 0 01000000 1 01111100 
00 0 00101000 0 00010011 
10 1 00101011 0 00000110 
10 1 00101010 0 01101000 
10 1 00110101 0 01110000 
10 1 01100111 0 01000011 
00 0 00100010 0 01100011 
00 0 01110000 0 00001101 
01 0 00010110 1 01100111 
01 0 00111011 1 01110100 
00 0 01111010 0 00011010 
01 0 01111101 1 01100100 
01 0 01000011 1 00101110 
00 0 01011101 0 00101000 
01 0 00100100 1 01110100 
00 0 00010001 0 01111010 
01 0 01101000 1 00010111 
01 0 01111011 1 00111010 
00 0 01001011 0 00100100 
01 0 00011000 1 00100011 
10 1 00001110 0 00100011 
10 1 00110010 0 00000001 
00 0 01100111 0 01111101 
10 1 00011011 0 01111001 
10 1 01011000 0 01010111 
00 0 00000001 0 00111101 
00 0 01111111 0 01001111 
01 0 00111001 1 00000010 
01 0 01011010 1 01010111 
00 0 00010011 0 01001110 
10 1 01101100 0 00111001 
10 1 01011110 0 01100001 
00 0 00111011 0 01001001 
00 0 01111011 0 01011011 
01 0 01100010 1 00100001 
00 0 01100110 0 01011010 
10 1 01111000 0 00111010 
10 1 01011111 0 01011011 
01 0 01000111 1 01011011 
01 0 01001000 1 00011010 
01 0 01001010 1 00011110 
01 0 00100111 1 01011000 
00 0 00101111 0 01010110 
01 0 00111010 1 00011100 
10 1 01100010 0 01100011 
01 0 01110110 1 00111000 
10 1 01100110 0 01001111 
01 0 00111011 1 01010000 
10 1 00000000 0 00010111 
01 0 01010001 1 01100100 
00 0 01101110 0 00001100 
10 1 00001010 0 01101000 
00 0 01000011 0 00110011 
10 1 01010011 0 00101101 
00 0 00101110 0 01011101 
00 0 00111011 0 00001011 
00 0 01100001 0 00000001 
00 0 00011101 0 00110011 
00 0 01110111 0 00110010 
00 0 01101010 0 00010001 
10 1 00101101 0 00111011 
00 0 01101010 0 01100001 
01 0 00000000 1 01101111 
00 0 01100001 0 00001010 
10 1 01000100 0 00000111 
10 1 01011000 0 01011110 
01 0 01110100 1 00100010 
10 1 00010111 0 01000000 
00 0 00011010 0 01000101 
00 0 00100100 0 00100010 
01 0 00110101 1 01010001 
00 0 01101011 0 00011110 
10 1 00011011 0 01111001 
00 0 01110010 0 01111000 
00 0 01110100 0 01010110 
00 0 01101010 0 01000001 
01 0 00010100 1 01010101 
00 0 01110100 0 00111111 
01 0 01111011 1 01101001 
00 0 01110010 0 00000001 
10 1 01100111 0 01110010 
00 0 01101101 0 00111101 
01 0 01111010 1 01111001 
00 0 00111010 0 01110000 
01 0 01011100 1 01111100 
10 1 00100110 0 00010110 
00 0 01001100 0 00011111 
00 0 00100111 0 01010111 
00 0 01010101 0 00101001 
01 0 01100011 1 00110000 
01 0 01111111 1 00110001 
00 0 01100100 0 00001100 
01 0 00110000 1 01010011 
00 0 01101111 0 00100110 
10 1 01111110 0 00110110 
10 1 01110000 0 00001000 
00 0 01111100 0 01010001 
10 1 00110010 0 00000000 
00 0 00001111 0 00100010 
00 0 01110001 0 00111001 
10 1 00011011 0 01101100 
10 1 01001001 0 01010110 
01 0 00110001 1 00101001 
01 0 01011011 1 01110000 
01 0 01110000 1 01010001 
01 0 00010001 1 00100101 
00 0 00011101 0 00100111 
01 0 01110110 1 00110101 
01 0 00001011 1 00000101 
01 0 00110101 1 00010110 
01 0 01101001 1 00110101 
10 1 00000001 0 00100010 
10 1 01111101 0 01001111 
01 0 00010000 1 00010100 
10 1 01111110 0 00000011 
00 0 01101011 0 01011100 
01 0 00010101 1 00000101 
00 0 00000111 0 01011110 
00 0 01110111 0 01000010 
00 0 01110010 0 01000111 
00 0 01100001 0 01100010 
10 1 01010110 0 00111010 
10 1 01000011 0 00010110 
00 0 00100111 0 01010000 
10 1 01111100 0 00010000 
10 1 01111010 0 01101111 
01 0 01100010 1 00000110 
00 0 01101111 0 00100010 
00 0 00000111 0 00011110 
10 1 01101110 0 00111111 
00 0 01000101 0 01000011 
01 0 00011101 1 01011000 
01 0 01011111 1 00110000 
10 1 00001111 0 01010110 
10 1 00000011 0 00101001 
01 0 00000101 1 01000010 
01 0 00100011 1 01011000 
00 0 01101010 0 00010001 
01 0 00011010 1 00010011 
10 1 00100000 0 01111100 
00 0 00111001 0 01011000 
00 0 00110111 0 00101101 
10 1 00111010 0 01100110 
00 0 01110000 0 01011001 
00 0 01000100 0 01011001 
10 1 00110011 0 00110111 
01 0 01010000 1 00100000 
01 0 00000000 1 00010101 
10 1 01010011 0 01001110 
10 1 01010010 0 00001000 
00 0 00000011 0 01001010 
00 0 00101010 0 01000110 
00 0 01011000 0 01110010 
00 0 01101010 0 01101000 
00 0 00010100 0 01110110 
01 0 00101100 1 01001011 
00 0 01101111 0 01001001 
00 0 00000101 0 00000010 
10 1 01000100 0 00010011 
10 1 01010000 0 01010001 
10 1 01001001 0 00001100 
10 1 00111111 0 00100011 
01 0 00001110 1 01100011 
01 0 01000111 1 00111001 
01 0 01010000 1 01111101 
01 0 00011111 1 01101100 
01 0 00101011 1 00001101 
00 0 01111010 0 01100010 
00 0 00111101 0 00010100 
01 0 00011001 1 00101110 
00 0 01110000 0 00000011 
01 0 01101001 1 00011111 
10 1 00111111 0 01111111 
01 0 01000100 1 01100111 
01 0 01111000 1 00001110 
00 0 01011011 0 00110011 
00 0 00100110 0 00111000 
01 0 00100101 1 00101111 
10 1 01000000 0 00000110 
00 0 00111011 0 01101010 
10 1 00101000 0 00111110 
10 1 00100000 0 00101011 
10 1 00111111 0 01001100 
10 1 00000101 0 01110101 
00 0 00001111 0 01101001 
00 0 01100001 0 01100011 
00 0 01100010 0 01111110 
00 0 00100000 0 00010110 
10 1 00000010 0 00010100 
00 0 00111110 0 01100101 
01 0 01000110 1 01101001 
01 0 01100101 1 01000010 
10 1 00010011 0 00101000 
10 1 00111110 0 00110101 
00 0 00001101 0 00010001 
10 1 01110010 0 00111111 
01 0 00100010 1 01001010 
00 0 00100101 0 01011001 
10 1 01011011 0 01011101 
01 0 01000000 1 00100010 
00 0 01111010 0 00110011 
10 1 01100101 0 01010110 
01 0 01001101 1 01110000 
00 0 01111001 0 01001011 
10 1 01010100 0 01011001 
10 1 01100001 0 01100101 
10 1 01100110 0 01001100 
10 1 00111100 0 00110000 
01 0 00110111 1 01000011 
10 1 00101010 0 00100011 
10 1 01111001 0 01010111 
01 0 01101110 1 01001101 
01 0 00001101 1 00110001 
01 0 01110101 1 00010001 
00 0 00110011 0 00011010 
01 0 00000000 1 00110111 
00 0 00101100 0 01011100 
10 1 01000100 0 00000010 
10 1 00000100 0 00000101 
10 1 00101010 0 01001111 
00 0 01100100 0 01111111 
10 1 01011100 0 01011010 
00 0 01101110 0 00011101 
10 1 00000110 0 00101100 
00 0 01000101 0 01011010 
10 1 00110101 0 01100010 
00 0 01010001 0 00101111 
00 0 01111111 0 00100110 
10 1 01101000 0 00111010 
00 0 00001101 0 01101111 
10 1 00001000 0 00100010 
10 1 00010101 0 01101011 
01 0 01010100 1 00110000 
10 1 00001111 0 01010110 
00 0 01010000 0 01000110 
01 0 01111011 1 01010100 
01 0 00010011 1 01110101 
00 0 00011011 0 01000010 
10 1 01100111 0 01110010 
01 0 00101000 1 01101011 
00 0 00011100 0 00011100 
00 0 01111011 0 01001011 
10 1 00011001 0 01101100 
01 0 01000110 1 00011100 
10 1 01011011 0 00010011 
00 0 00001010 0 00000011 
00 0 00011111 0 01101000 
01 0 01111011 1 00000110 
01 0 00100011 1 00010101 
10 1 01100100 0 00111001 
00 0 00110101 0 01101001 
00 0 00001100 0 01100110 
00 0 01001100 0 01101000 
01 0 00001110 1 01110010 
10 1 00100101 0 00100000 
10 1 00110101 0 00101011 
00 0 01111000 0 01001001 
01 0 01000000 1 00110110 
01 0 00000010 1 00001101 
10 1 00010001 0 00000010 
10 1 01001000 0 00100111 
00 0 00100010 0 00011101 
01 0 00000001 1 01010010 
00 0 01010100 0 00010000 
00 0 01011111 0 00110101 
01 0 01110011 1 01010100 
10 1 01111100 0 01111000 
10 1 00010101 0 00010100 
01 0 01110000 1 01100010 
01 0 01111010 1 01101101 
10 1 00010010 0 00111000 
00 0 01100110 0 01010000 
00 0 00010010 0 00100100 
00 0 00001000 0 01100010 
10 1 00011101 0 00010001 
10 1 01000100 0 01001101 
01 0 01111010 1 01100110 
10 1 01010001 0 01110111 
10 1 01011000 0 00111011 
10 1 00001001 0 01100010 
01 0 01010111 1 00000001 
00 0 00010011 0 01111001 
00 0 01011110 0 01101111 
10 1 00111110 0 00000110 
10 1 00011100 0 00001010 
10 1 01011011 0 00001010 
01 0 00101110 1 01010111 
01 0 01111100 1 01111011 
01 0 00000000 1 00111100 
10 1 01111010 0 01011000 
10 1 00101001 0 00001011 
10 1 01111010 0 00101010 
01 0 01001001 1 01111011 
00 0 00000110 0 01110100 
10 1 00101100 0 01110001 
01 0 01010011 1 01101110 
10 1 00100100 0 01101101 
01 0 00111100 1 01011110 
01 0 01001011 1 00111101 
00 0 01000001 0 00111101 
10 1 01011111 0 01110100 
00 0 01010110 0 00100101 
01 0 00111110 1 00100100 
01 0 00101100 1 00011101 
01 0 01111010 1 00110100 
10 1 00101110 0 01011011 
10 1 00111111 0 00010110 
10 1 01111111 0 00110101 
01 0 01100011 1 01000101 
10 1 00110011 0 01011010 
01 0 01010000 1 00000101 
00 0 00110001 0 00110010 
10 1 00101001 0 01110101 
00 0 01000000 0 01001001 
10 1 01111100 0 01101011 
01 0 01100010 1 00001101 
00 0 00001111 0 01010101 
00 0 01000100 0 01110000 
01 0 01101010 1 01111011 
01 0 00111000 1 00010110 
10 1 00010100 0 00010111 
10 1 00000100 0 01010100 
10 1 00011000 0 00111100 
00 0 00001010 0 00011000 
10 1 01001111 0 00010111 
10 1 01100100 0 00100000 
10 1 00110010 0 01000111 
01 0 00101000 1 00101111 
10 1 00111001 0 00100011 
00 0 00111010 0 01000010 
01 0 01001101 1 00100101 
10 1 01000101 0 00110100 
00 0 00100010 0 01101000 
00 0 00110010 0 00000100 
01 0 01111010 1 00100000 
10 1 01000101 0 00010100 
10 1 01000111 0 00111000 
00 0 00100100 0 00110101 
10 1 00000000 0 01101011 
00 0 00100101 0 01111100 
10 1 00001010 0 01010001 
00 0 00101100 0 01110100 
01 0 01110001 1 00111011 
10 1 01000110 0 00110000 
00 0 01011001 0 01111101 
01 0 01011010 1 01001000 
00 0 01001001 0 01100100 
00 0 00101100 0 01100000 
00 0 00011000 0 00100011 
10 1 01110101 0 00100100 
01 0 01000010 1 00110001 
00 0 00010001 0 01000011 
01 0 01010011 1 01100000 
10 1 00001101 0 01011000 
01 0 01100010 1 00100000 
10 1 00100110 0 00001000 
01 0 01110001 1 01101010 
00 0 01110111 0 00110100 
01 0 00010110 1 00011000 
10 1 01100110 0 00011111 
10 1 01110111 0 00101010 
00 0 00110011 0 00111011 
00 0 00011000 0 01100000 
01 0 00010001 1 00110110 
10 1 00110010 0 00110111 
01 0 00010111 1 00110001 
00 0 00100001 0 00110001 
10 1 01101110 0 01100101 
10 1 01000011 0 01111000 
10 1 00000111 0 01011001 
01 0 00110100 1 00001000 
00 0 01110000 0 00110111 
10 1 00110110 0 00000001 
00 0 00111100 0 01110100 
01 0 00010111 1 01000110 
10 1 01001010 0 01100100 
01 0 01001100 1 00010110 
10 1 00011111 0 01111111 
01 0 00010110 1 00111010 
00 0 01101000 0 00111101 
00 0 01111100 0 01001000 
00 0 01011110 0 00100101 
00 0 01010010 0 01010001 
10 1 00010011 0 01011100 
00 0 00110011 0 01001011 
10 1 01101100 0 01100000 
01 0 00001001 1 00100100 
01 0 00010011 1 01001001 
10 1 00100111 0 00110000 
10 1 01111101 0 01011001 
00 0 00100110 0 01101101 
01 0 00110110 1 00011101 
00 0 00100011 0 01110001 
10 1 01101100 0 00101101 
00 0 01001100 0 01111000 
10 1 00010101 0 01011101 
10 1 00011001 0 00011001 
01 0 00111110 1 00001010 
00 0 00010110 0 01110111 
01 0 01000001 1 01100000 
00 0 00111100 0 00011111 
10 1 00101000 0 01111111 
10 1 00111110 0 00000011 
00 0 00100100 0 00100100 
10 1 00100111 0 00101101 
00 0 00011011 0 01000111 
00 0 01000101 0 01110111 
10 1 01000010 0 01101011 
00 0 00010011 0 00100100 
01 0 00001111 1 01011000 
01 0 01000001 1 01101000 
01 0 00000101 1 01001011 
10 1 00111101 0 00110110 
00 0 00100100 0 00111111 
10 1 00110110 0 01110011 
01 0 00000010 1 01000000 
01 0 00100001 1 01010100 
10 1 01100011 0 00110011 
01 0 00011000 1 01110001 
10 1 01000101 0 00111100 
10 1 01000011 0 01001110 
00 0 01011110 0 00100101 
01 0 00000110 1 01100010 
10 1 01110010 0 00001101 
10 1 01001001 0 01101100 
01 0 00110001 1 00101001 
00 0 01000100 0 00011011 
01 0 01000001 1 00110010 
01 0 01111000 1 01000011 
10 1 01100111 0 00100001 
10 1 01111111 0 01000100 
00 0 00000011 0 00110101 
01 0 01000010 1 00011011 
10 1 00000111 0 01101111 
01 0 01010010 1 00110001 
01 0 01101001 1 00100000 
10 1 00011111 0 00111111 
01 0 01111000 1 01110001 
00 0 01011010 0 01101101 
01 0 01101000 1 01011101 
10 1 00011011 0 00010110 
10 1 01110011 0 00100001 
00 0 00000011 0 01100010 
10 1 01111010 0 00111100 
01 0 00011000 1 01101011 
00 0 01001011 0 00101011 
01 0 01000111 1 00011111 
10 1 01010110 0 00000000 
00 0 00000000 0 00010111 
01 0 01010110 1 01110011 
00 0 00111110 0 01011111 
10 1 01110110 0 01000010 
10 1 00101011 0 01110011 
01 0 00000011 1 00011010 
00 0 00011011 0 01010100 
10 1 00110101 0 01001111 
10 1 00011101 0 01001101 
00 0 00011010 0 01001001 
10 1 00001111 0 00111110 
00 0 00101010 0 01110001 
00 0 00101010 0 01110111 
01 0 00101010 1 01110000 
10 1 00000110 0 01100000 
00 0 00011111 0 00011001 
01 0 00010101 1 01100001 
00 0 01000001 0 01100010 
00 0 01110110 0 01011110 
00 0 01101100 0 00000010 
10 1 01101011 0 00111011 
