1000
394
430
41
265
497
414
310
488
366
223
142
288
143
97
256
150
317
101
75
338
483
103
362
444
323
209
488
453
266
63
14
95
408
1
505
341
249
333
64
195
227
244
145
458
93
82
327
501
111
308
298
127
340
208
294
455
93
394
324
247
297
188
193
191
33
266
487
70
91
133
153
39
82
400
282
241
220
429
281
461
504
365
84
332
118
498
343
194
248
16
277
119
225
380
174
340
436
63
103
149
224
46
75
27
127
193
122
400
93
379
118
37
22
199
189
126
490
215
62
23
435
103
266
71
226
73
308
358
446
184
62
478
40
103
400
204
266
367
481
173
208
59
162
165
350
256
120
452
179
13
482
419
318
365
397
256
157
12
468
80
343
46
287
138
245
493
360
294
367
135
317
397
424
82
1
196
342
163
245
228
458
387
424
32
411
428
47
169
456
65
265
161
457
498
0
39
506
333
319
478
51
425
192
85
133
15
411
427
323
3
218
14
2
100
195
121
203
309
286
186
102
487
406
83
22
281
463
118
262
136
355
117
158
285
19
43
41
210
265
322
375
43
506
469
445
381
182
212
384
298
9
141
154
277
341
345
376
95
346
36
42
276
167
153
296
369
404
132
300
117
489
245
49
315
183
72
309
412
336
306
424
111
101
492
485
345
351
127
490
118
509
436
38
309
343
159
170
384
89
67
86
202
226
62
394
8
100
403
296
459
500
222
433
85
377
225
267
170
441
196
367
117
65
28
462
206
121
509
407
262
212
43
221
149
107
202
469
387
370
154
107
499
151
415
433
507
330
510
510
206
224
9
348
325
329
36
151
263
159
388
301
481
67
86
40
67
230
133
41
307
15
459
338
164
152
471
380
391
34
92
78
436
211
296
427
493
397
239
20
0
186
309
260
340
67
505
268
310
417
393
392
63
167
130
244
293
342
56
36
492
427
144
503
83
155
361
421
36
477
395
469
48
103
482
155
20
33
135
331
107
354
199
392
502
113
61
478
345
127
303
130
396
300
124
193
39
401
455
380
195
466
365
77
45
40
497
261
27
221
235
95
430
312
116
149
436
432
86
107
425
64
101
425
159
31
457
441
427
30
508
332
258
80
360
72
124
367
30
353
356
182
10
236
374
72
146
212
3
209
126
7
300
377
25
238
145
191
464
115
488
352
264
133
28
213
370
343
484
299
303
334
188
82
105
315
160
385
150
128
228
323
248
242
188
298
381
429
47
135
21
403
79
74
135
430
306
426
145
432
305
363
86
254
455
378
59
385
418
8
427
328
451
208
380
300
482
93
189
111
283
114
157
456
408
189
431
442
178
253
464
348
145
363
473
88
494
208
301
1
459
473
7
223
305
117
308
159
434
482
94
509
237
415
286
22
123
276
41
0
262
407
405
455
104
258
362
290
200
87
36
72
268
312
348
121
255
167
69
424
296
289
137
215
107
420
413
285
299
452
380
141
160
126
123
390
410
479
142
306
362
484
425
223
488
500
325
504
61
454
307
146
507
53
220
26
363
482
400
10
68
83
404
6
369
42
118
3
276
299
232
144
294
195
107
444
471
338
393
172
338
431
445
151
458
151
323
132
213
191
454
357
398
437
503
398
225
200
449
209
50
397
34
239
86
191
372
58
177
238
304
88
291
361
421
469
55
440
465
501
260
487
220
345
272
43
44
53
166
358
3
296
7
143
65
438
227
406
226
464
197
347
104
87
326
330
466
332
261
29
45
194
377
82
214
354
192
206
257
308
319
393
260
493
352
245
45
313
74
9
471
507
448
48
422
505
471
450
120
87
83
246
101
157
423
218
451
78
437
403
40
184
255
501
225
131
285
360
327
445
109
292
206
303
452
473
267
279
237
16
121
101
176
424
254
223
291
6
438
50
124
393
279
121
367
235
288
226
245
66
314
335
239
382
491
293
175
140
15
335
375
25
132
405
158
181
78
138
211
508
218
240
135
239
393
361
135
510
110
26
367
500
466
316
12
225
166
506
492
321
80
265
140
411
195
324
298
393
60
213
39
322
255
351
451
231
266
352
166
312
17
364
59
154
361
22
502
62
25
247
46
12
231
334
68
63
353
432
139
221
459
445
145
366
319
181
336
418
391
9
419
270
473
42
125
418
399
175
3
141
151
81
337
243
180
252
22
172
172
80
437
106
468
153
41
258
348
385
27
37
508
91
366
299
154
469
241
364
166
414
345
276
504
402
15
318
295
480
35
268
39
466
404
122
413
354
507
52
21
279
35
260
296
212
348
395
256
213
118
337
248
