1000
88 66 -20 -61 2 -24 72 -50 -5 21 104 1 -55 65 30 -63 
104 123 79 102 -48 58 102 47 -7 -102 -16 28 105 119 -5 93 
-61 78 12 -124 56 -25 83 43 -127 -1 94 -65 -44 94 -79 17 
-66 119 77 -13 -107 -46 2 110 -100 13 52 12 80 10 118 26 
22 -14 24 -29 19 -53 -79 -80 28 40 -6 -105 65 96 108 87 
101 108 10 -27 52 -57 79 89 101 22 115 20 -12 41 127 106 
75 -106 28 -3 33 88 -65 59 -98 -71 75 -42 80 -102 -90 50 
-116 18 104 8 46 -121 34 27 19 -27 -33 123 -118 -122 118 -80 
-96 -74 76 111 -122 -19 -102 -61 -71 37 -38 -81 0 -117 -102 124 
-76 -36 59 86 107 -84 44 119 -113 45 88 -40 -63 24 -14 -83 
-7 -23 17 2 -48 -36 86 -63 15 -124 61 -42 -116 -56 -66 116 
-37 -54 -36 114 34 30 55 -28 -21 38 -127 -78 -42 -66 35 -31 
96 17 -21 -25 51 -20 41 -116 -13 -61 -87 7 -3 15 65 98 
-1 -48 -8 79 96 79 -79 127 34 -106 57 124 -25 45 -47 -73 
55 -127 82 7 -102 -97 38 95 -56 122 -102 90 -26 -107 -57 -12 
74 92 -93 5 38 -39 95 -56 -123 -117 46 14 114 112 104 -117 
63 51 39 54 103 35 -32 9 -74 22 -125 -89 -42 74 55 -41 
30 -117 -86 123 -53 -26 12 -52 -5 -66 -115 -82 5 -109 -24 -43 
-21 -102 104 -6 87 121 -40 -5 51 -18 -50 60 100 107 32 -31 
121 35 -111 -106 63 -112 -125 -27 4 -13 -2 21 45 -19 -33 125 
-61 70 -17 -36 -111 93 51 103 -12 45 -97 -26 -74 -117 114 -72 
-90 -77 -31 11 -89 125 123 -90 -24 46 96 -1 106 -45 0 0 
43 -76 28 -71 -40 118 102 81 -118 -90 -62 72 87 21 55 78 
-111 -106 94 -117 -70 -117 -124 88 -43 -86 -89 39 119 1 102 0 
18 45 78 66 125 63 103 -75 9 25 83 -4 74 -28 22 89 
76 40 -127 -81 1 -62 -111 92 113 -50 -23 79 -112 36 -95 -54 
84 -113 -118 -21 -2 93 55 44 -89 124 -22 28 -29 -115 -7 -89 
-119 30 33 -101 12 -39 -29 70 -2 97 28 -8 33 -41 -96 46 
31 73 -95 105 76 106 95 46 79 4 73 -79 72 -14 65 -11 
74 -108 -116 111 -3 102 113 42 18 -72 -104 81 99 71 50 -20 
-49 -98 -18 16 108 111 -21 -102 70 59 -120 -13 47 -120 107 118 
56 -107 -109 -36 -120 -38 -125 121 81 -109 100 -74 -75 44 112 -96 
-126 -33 -121 26 91 -80 -99 -39 117 -94 119 -35 -6 -53 111 117 
34 -80 126 -101 20 -87 101 114 77 -47 -65 65 -53 -20 -116 -94 
-122 -108 -109 -20 12 61 -91 -19 35 -106 -14 -33 114 -113 -23 -21 
58 -45 -75 -52 -7 115 75 -57 14 48 75 -13 -25 68 -17 -64 
-11 111 -91 -9 35 -4 -75 -127 50 30 -126 -51 68 33 11 -88 
52 -7 45 66 -68 67 -56 123 -97 98 -117 -62 6 20 -26 -101 
-63 -55 65 104 24 -118 74 -49 -40 7 -64 107 -86 -21 -53 5 
18 32 8 -22 34 -24 71 73 -53 -32 32 -87 50 -30 23 -92 
43 -37 -6 -21 -5 49 -46 38 -112 -51 62 -114 31 -121 -7 99 
-125 6 -110 93 47 61 43 -126 -117 30 127 95 51 58 -69 64 
-54 -101 -10 -43 -84 -20 101 -16 -13 53 6 -94 105 -14 74 -28 
78 -28 -71 -77 112 22 -115 -28 -68 -106 -80 -113 35 -83 28 28 
52 3 -55 96 -37 -10 33 4 116 116 110 111 20 -2 52 -72 
-59 -116 -86 -127 39 -92 73 46 120 -26 107 -11 -41 -101 98 75 
-45 -11 -44 -120 -116 -33 -74 6 -79 -76 44 60 -48 92 -62 -39 
54 -116 111 -109 -10 57 -115 79 122 -10 -97 -107 -102 67 -22 107 
-15 -108 -18 65 84 -117 -81 -2 -95 94 111 -46 -16 14 -54 10 
-76 -52 -14 26 9 -61 -68 -97 72 -102 59 -64 -55 60 40 61 
3 91 -96 37 -97 60 -36 44 52 41 -71 84 -66 4 44 -68 
32 -54 -84 79 13 -44 21 -121 -94 -26 121 2 -108 67 72 70 
17 50 -73 59 80 66 -37 23 33 102 -100 85 6 -36 -11 -124 
-71 39 41 -1 116 -4 -47 89 -61 26 52 82 73 -29 -112 -118 
57 118 -40 -15 57 40 -61 43 -49 -36 10 59 -89 -122 32 -121 
-116 -70 39 -110 -112 120 -19 100 -72 -16 -36 -82 -43 124 63 -30 
-23 -60 8 60 47 -9 -117 107 -23 -28 -127 -92 94 3 59 -90 
-43 87 82 -64 -122 78 -84 73 47 -84 -107 109 25 30 -10 -89 
26 -63 78 59 -121 110 -118 -105 -53 -89 -67 -36 60 -24 -58 -1 
-27 -48 102 12 122 69 18 -60 47 -11 56 -24 -1 -122 61 -119 
46 20 70 -53 47 -74 7 -40 122 120 -74 16 -43 119 108 22 
56 46 -37 106 102 -43 63 -125 80 16 115 -35 32 -45 72 25 
124 -127 -91 -116 -95 109 114 -5 114 81 71 63 -79 12 -19 115 
-83 -84 40 -87 -99 1 75 26 65 -59 -55 -18 125 55 114 9 
13 125 -79 72 74 88 64 -88 41 108 16 -35 115 15 -22 29 
77 -69 -123 7 112 46 33 32 0 59 -64 100 -57 113 109 -108 
-13 62 -12 2 78 52 117 -85 108 109 34 112 -63 97 70 28 
-104 -120 -125 -63 67 -29 70 32 -28 97 -118 -8 84 -95 53 -44 
-121 -6 5 -117 16 -39 -126 -79 -99 10 -116 109 88 113 -47 103 
123 67 -57 43 24 -24 -49 -112 -95 -93 -4 36 67 -116 82 -116 
14 62 33 115 -39 21 -106 15 80 -76 -61 51 -63 -61 111 127 
-88 102 13 -118 21 36 -119 65 81 -109 37 -11 -66 -10 -87 -42 
39 -6 14 11 82 -40 80 -107 -18 -37 -12 85 3 124 92 -97 
-46 -122 59 -123 98 -78 -22 -112 -48 -28 -114 68 54 -36 85 -108 
-114 -37 102 65 44 16 77 -22 -120 77 -79 -28 -36 -96 -38 -82 
29 39 -124 -11 13 95 -1 -107 -114 92 74 91 -60 37 -103 83 
-42 116 -7 -119 104 32 -54 -118 -31 -87 12 -90 -83 107 35 -65 
96 31 114 -4 99 45 -116 -66 -55 -84 -67 -70 96 -9 96 -92 
16 -124 110 -126 -28 77 127 -123 82 2 -118 70 -99 28 71 44 
-30 -121 -16 105 -42 -64 -92 2 8 -109 -23 40 119 -17 -16 -7 
-70 -26 37 -26 20 85 127 98 -32 -122 28 -6 -67 -117 -45 76 
118 -100 96 -115 54 -121 -20 94 -27 108 54 26 -86 -40 -22 23 
126 -55 0 110 -39 32 68 33 64 -77 117 -82 21 -52 34 -53 
-17 46 -59 58 -39 -94 28 -85 -17 -26 -108 53 46 71 11 13 
-84 -74 -69 6 81 -36 97 60 55 -42 -97 118 90 -23 92 102 
-40 0 -43 49 105 124 62 -49 97 126 -39 114 2 118 126 80 
46 -88 -126 24 52 111 4 50 37 -75 36 123 -99 48 29 -31 
75 -125 100 81 -4 -100 -12 21 -63 -3 70 108 15 83 -108 91 
107 -84 83 89 96 4 27 -74 53 -24 -122 -93 -28 98 16 106 
109 -105 22 -42 1 -11 -5 -101 85 -2 37 -6 -81 10 -87 90 
84 -91 -110 -110 -27 115 14 -60 -69 -99 -91 79 -92 93 82 -92 
15 -126 92 14 65 -2 48 110 15 95 -40 -103 -126 -69 86 -48 
-70 -1 114 2 -40 -108 18 -70 -33 -30 66 -68 111 62 -4 97 
-36 -29 -94 71 -25 0 -7 39 -32 106 -17 -36 -25 68 126 93 
-5 -53 -13 -39 -65 -80 116 0 -99 -29 -28 3 122 122 16 30 
44 0 -3 -47 47 -104 -46 100 -69 119 123 19 -117 -104 -76 -44 
-99 76 -34 -68 -116 -30 -126 -98 26 111 -76 61 -77 -127 101 88 
-110 -82 -68 109 -30 78 -16 -30 67 29 -59 21 52 83 45 36 
24 -104 113 54 -58 49 30 40 -30 18 40 -76 2 -97 -100 105 
-96 100 -7 -11 -41 -21 -31 16 -42 82 -68 -64 -4 111 -121 57 
-126 -24 67 -13 -18 -63 -6 -69 -55 39 25 109 120 5 -105 -51 
4 44 114 -88 -118 94 78 68 -8 45 -22 -78 -27 73 77 118 
99 46 5 57 -81 108 54 24 -16 34 30 102 18 -73 -15 -65 
103 87 14 -77 -116 -93 -14 44 -70 47 92 65 -19 37 125 98 
-41 47 -86 14 -36 -15 -15 41 88 -8 -90 65 64 116 -27 -9 
10 100 52 -122 -74 90 21 95 -22 -74 -126 126 -93 36 -2 -30 
9 -107 120 -1 -124 -20 65 -48 62 68 -66 119 -120 93 3 -88 
-61 23 -56 86 -71 -29 1 -41 82 -60 -105 -88 32 16 -111 126 
-5 -46 58 -121 -16 42 118 66 98 -97 -17 -119 -58 -29 -39 -32 
77 -79 83 10 -41 13 -86 -1 -122 92 -43 -39 126 29 -21 74 
-110 18 5 92 22 -3 5 72 -39 14 53 126 49 118 -25 27 
62 -38 -59 121 -38 127 90 -72 84 123 -57 42 69 -106 81 -49 
52 115 -119 28 -53 -98 54 122 3 -39 -13 -21 8 -23 -107 122 
127 -83 -66 -16 50 -119 85 35 -59 94 41 -46 12 122 -115 53 
89 49 -92 24 73 -20 21 -63 -47 78 -2 -13 -96 -32 5 -68 
78 -29 -66 -49 83 103 117 -124 64 6 -96 -64 -55 -24 -7 111 
-113 53 90 -36 -64 -71 -50 -90 13 -63 -121 -68 82 -21 98 113 
-65 15 97 20 -84 -64 124 -51 94 75 61 56 74 88 -112 -85 
1 -73 8 -1 -95 -105 -125 83 -107 118 123 62 -12 -57 -22 -39 
-26 57 100 -87 -65 -74 -116 90 2 -110 -13 -12 71 66 -93 32 
2 -124 -90 42 -34 118 0 48 -93 -5 59 85 -76 -26 -6 -15 
-6 -52 79 105 -38 35 -30 20 50 0 44 65 87 -79 -72 3 
2 78 4 102 71 1 83 -6 -40 -17 -11 38 -114 58 119 -10 
-110 -76 -101 -62 75 -127 95 112 -80 -83 119 -35 79 -125 125 -123 
27 109 84 -48 82 -27 0 -35 -37 21 72 51 68 -124 8 -37 
-74 107 -77 -80 -82 40 28 1 22 112 92 103 -114 101 -119 37 
110 0 -20 -43 106 109 30 54 -41 -92 122 40 -57 122 27 -43 
101 -108 77 -87 -100 -61 54 27 -20 -87 108 68 47 80 70 -99 
69 86 63 -4 47 -102 67 -60 72 34 2 9 -108 -117 -124 70 
-92 -96 -29 122 98 -47 81 -106 -27 20 124 -115 -22 107 -120 25 
-25 15 52 -23 100 116 124 -113 86 96 -90 113 -95 -74 116 84 
19 -54 -63 -24 -125 34 -114 70 -110 -125 -55 69 85 1 112 -98 
-42 61 -45 -90 20 -111 -32 -63 -43 -3 9 -106 -47 -29 -24 -5 
-18 -109 -71 36 84 2 -90 -109 -88 -29 16 42 6 16 -37 42 
58 -25 80 62 103 -8 -39 70 -118 -29 122 -40 3 -64 -108 -99 
-16 30 11 4 -99 -117 -36 113 -81 -59 -4 106 114 -127 37 -67 
39 62 99 46 88 72 -86 -116 61 6 127 -85 -29 -54 96 -4 
105 53 127 25 121 -83 -14 20 122 17 93 32 3 -27 -33 -52 
-73 118 9 93 98 113 -67 -41 34 -45 -91 66 12 9 53 -98 
108 -5 49 25 26 53 -105 0 -74 -28 3 -37 -23 59 -116 116 
26 -86 14 -107 0 48 -20 -47 44 111 95 -29 93 -98 -112 123 
67 29 15 -48 102 90 -4 -71 45 57 126 74 -104 125 90 21 
-43 59 24 -103 16 -122 73 82 58 -104 22 -27 -95 100 113 108 
7 93 -77 -52 104 23 -70 -94 -69 -1 -50 60 -58 -107 101 41 
121 -81 94 -123 9 -5 -95 80 -58 101 51 90 93 74 60 -126 
-91 -74 19 -127 -95 -3 -117 -46 -71 -83 -46 97 -68 38 59 44 
-79 -38 -58 9 120 -72 13 -111 -31 116 104 -103 90 55 106 -10 
-19 101 9 66 -82 -110 -15 -44 3 -39 92 60 -29 -95 53 10 
-89 -119 29 4 19 -21 -8 -27 -105 9 -96 44 63 -85 -76 -66 
25 -23 99 12 6 -72 -104 108 -102 -94 -78 19 35 -17 -26 36 
-60 76 35 26 -120 -39 68 -75 36 121 -15 4 -73 -126 -67 -7 
26 85 -53 -43 56 42 54 96 -105 -96 0 28 39 -69 -93 107 
-66 -123 -55 4 34 61 -90 2 -46 57 -35 79 -78 126 5 -19 
57 -31 -118 -15 -54 41 6 84 -2 -88 -89 18 -60 -73 113 -92 
106 9 111 86 -51 -7 -106 -34 109 -102 -65 -117 92 46 22 -8 
-61 21 51 75 -86 32 45 20 58 4 116 38 32 -124 -91 25 
68 -91 35 -88 67 82 30 -110 -56 -58 -8 71 20 125 53 -91 
122 -112 -42 35 -28 -122 -52 -66 70 23 -91 95 -73 -46 95 67 
-20 4 122 53 55 39 124 108 -51 -14 34 -67 37 103 -49 -33 
-12 -29 36 -114 70 -54 31 -19 28 17 4 -86 -126 -100 -29 -62 
-3 -7 3 -94 0 115 -83 -124 -41 53 92 -100 -120 -48 31 107 
-43 71 -95 36 -64 66 105 -14 47 -37 89 -23 21 124 14 -12 
-103 115 6 51 39 -67 35 -103 -113 87 25 -50 6 14 45 -127 
-91 -104 64 -12 -77 -32 43 -9 11 112 -25 -101 -100 57 -48 -98 
71 99 -101 29 61 -65 86 47 -14 -85 -61 84 -85 52 18 15 
-123 -96 -48 33 -30 -62 -29 -9 24 15 -33 -19 78 22 120 26 
-55 3 -6 90 60 97 55 -63 -58 -86 97 102 -45 -122 -6 73 
51 44 -122 -101 58 81 -81 80 115 26 13 -119 -22 -8 116 -15 
-124 17 -110 125 40 56 49 112 -24 -56 -107 -122 -5 62 61 -127 
29 84 93 69 -20 52 51 -111 -118 -39 36 -30 37 66 69 -55 
120 13 32 34 44 -88 44 -17 119 54 121 125 85 22 25 -7 
-33 -20 105 37 -84 -118 -15 -15 -111 -69 -43 -31 31 -88 82 0 
-110 -102 113 -119 38 -82 39 124 107 -16 -17 -53 -15 117 -118 -5 
101 -100 -98 80 -55 76 -50 -119 81 -43 -9 -112 38 84 -71 110 
34 12 -75 96 -19 -117 108 -33 -52 -113 -119 -116 95 94 -7 -107 
-92 114 15 75 -108 -111 70 -98 82 111 -17 -98 55 -13 0 99 
10 -92 -32 89 2 -107 1 -119 97 -64 58 126 101 7 -45 50 
11 104 -66 49 -88 -24 71 -34 -55 -37 -32 -125 -91 61 49 39 
-92 -98 -2 -4 -95 119 81 95 -83 40 80 -45 124 -103 75 -90 
-63 -79 -98 43 -65 76 68 117 70 125 14 -119 -43 -27 119 -20 
-58 76 107 -116 123 57 126 38 -126 45 -69 125 110 92 53 -63 
109 82 34 -84 -76 17 23 -23 80 45 -61 -120 27 -43 99 -68 
12 -77 119 36 64 100 -11 11 -12 30 -42 82 -34 69 -123 -34 
-5 102 56 59 34 102 57 33 107 67 -124 94 -79 63 -22 -27 
-88 -18 127 83 60 36 -73 -111 110 104 -127 105 63 -102 -88 -82 
-62 103 -20 9 -19 -9 -63 -47 -63 -55 27 -122 111 3 0 -19 
59 66 56 119 -21 -106 76 54 -121 -1 79 114 -38 -7 -14 62 
52 -6 -80 22 -121 -36 -49 -110 -103 73 -11 -95 111 -47 -15 49 
-88 72 88 -2 53 57 125 70 -35 2 -27 8 101 -103 100 1 
-90 111 -78 -121 -7 18 -115 32 16 16 -107 -36 -94 -8 -33 -43 
97 31 -99 40 127 -34 69 40 -6 -24 -73 -21 -59 -3 43 99 
-90 79 67 32 -78 -109 -92 -45 -53 79 -40 -86 121 52 77 0 
-103 22 -14 -46 -105 -47 -58 -36 54 -98 -31 66 -48 91 93 -79 
38 35 -84 14 -6 -66 54 101 101 -100 -31 -105 -9 41 52 -113 
-99 33 85 27 -103 -107 20 -72 63 -50 83 102 7 51 67 32 
37 -24 100 -82 -86 57 -73 5 102 -36 60 94 40 -104 4 76 
127 -10 -113 -38 0 109 -111 106 -15 -102 64 -97 -93 -67 12 41 
92 22 35 -4 1 41 -58 -52 31 31 -81 -77 12 85 -48 -83 
-115 7 7 28 11 40 94 -46 75 -69 -43 -1 5 60 -121 61 
78 -127 15 -123 -92 95 -113 104 42 68 44 66 59 101 -35 -29 
38 7 45 -33 -20 -27 -117 60 17 98 60 -21 70 -111 34 110 
100 -46 -56 -52 98 -40 -22 -43 -59 94 -14 8 -25 -42 -24 101 
-56 50 -73 104 -8 -51 -18 61 91 80 -94 119 -5 115 -84 112 
-78 94 -58 87 -86 90 41 -96 111 -16 -80 87 -114 -118 60 -104 
63 -103 112 -92 16 37 -34 -103 -2 -42 100 -75 -70 24 -14 -54 
-92 86 -103 103 112 -94 108 -59 74 -44 -13 53 11 65 -26 -112 
-40 98 77 109 22 -43 -4 -1 -65 95 -112 -43 122 15 113 -126 
79 32 91 60 127 -41 62 88 49 74 81 -58 -55 -24 -121 103 
79 -94 81 -43 27 -2 -14 27 104 -21 -121 89 115 78 -87 -20 
65 93 94 108 36 -92 -20 117 -94 110 -35 23 80 -104 -99 -5 
103 120 39 -78 75 -31 -60 23 -14 4 120 -118 95 -17 88 96 
60 -6 5 24 -26 54 90 -41 116 16 -52 -86 57 -56 79 114 
-37 -31 -50 -62 127 83 93 -120 115 82 82 109 -22 -108 17 9 
-72 62 124 55 75 69 79 -87 27 27 95 -15 -61 9 -1 -123 
-115 -79 -1 40 5 19 125 -105 -32 11 74 98 30 39 100 74 
20 -124 -22 -109 118 83 -39 -102 16 -37 57 86 24 81 -125 -68 
-17 -8 80 -83 18 9 37 -124 -116 -104 -27 25 59 38 -100 93 
-27 80 -84 -30 43 33 4 108 79 24 45 -21 3 33 86 -76 
-10 -80 -77 -118 -97 65 -43 -49 -91 19 -21 -113 -30 78 65 121 
91 0 74 73 -23 -28 15 -14 31 80 107 36 6 -72 -25 -70 
58 10 -88 -85 -120 -98 30 35 7 74 11 -62 67 -34 -116 -72 
-14 28 71 92 70 64 22 -78 42 49 -59 -32 -52 126 50 -36 
-78 -40 -66 84 -79 -31 8 -63 -84 118 103 -121 8 -116 -16 -99 
77 -76 -51 -106 119 0 -19 13 -82 76 -54 88 61 -52 -3 -52 
112 89 9 48 -108 76 -36 -59 -44 99 -101 124 -9 32 1 -111 
68 -25 -4 82 -48 -91 -116 48 -111 23 -110 -99 -27 -53 -100 113 
114 118 122 104 16 -24 61 6 -69 70 -86 38 115 9 -90 -36 
2 -17 -89 25 97 120 -81 40 -122 -89 3 27 -64 60 100 120 
-101 46 5 50 110 -54 97 -104 -117 108 -61 53 -71 22 -40 57 
62 102 77 -12 -95 43 -15 53 124 -42 -14 -40 -45 -65 -37 -35 
-36 114 -31 -123 119 20 -49 75 -122 90 -97 -121 -91 85 -115 105 
-53 -77 39 -65 16 67 42 -46 34 32 -122 -10 33 -30 -86 105 
-125 93 -85 125 105 -104 68 42 93 0 -48 74 60 9 124 68 
0 109 1 87 -115 -94 -73 -68 -92 -117 15 23 57 29 -11 -12 
-124 29 34 32 118 52 -74 28 13 44 24 65 -10 17 108 -60 
41 60 82 18 121 118 3 -12 -101 22 -48 48 55 93 62 79 
87 126 -43 22 14 18 42 111 -123 -48 -9 4 104 0 -67 91 
3 72 -60 113 -25 -13 -5 -43 66 19 26 25 -52 -40 -104 -29 
-60 -38 31 47 63 -71 -81 119 -8 -6 -106 47 -83 -114 -63 119 
-42 -113 43 -83 -55 -6 10 -50 108 66 32 -108 81 84 78 84 
-83 102 -52 -60 -127 -87 -39 -68 95 -115 -14 -31 93 85 -44 45 
-10 -63 50 -8 50 60 15 -60 -92 -125 -19 41 83 -55 -110 -4 
-41 -42 -115 5 -14 53 45 -30 -117 120 -76 61 15 -120 59 120 
-89 55 18 10 -17 -13 -83 -35 44 89 60 32 -69 -126 91 68 
114 -93 121 -43 16 -123 75 111 114 -88 -92 12 -23 -123 -54 71 
67 -67 107 -33 69 -40 124 45 -33 -111 -79 114 19 76 -73 6 
25 112 1 108 -46 21 32 -103 -85 -62 -60 -80 -20 -103 -89 91 
-82 -13 -107 75 -59 41 81 -22 -75 -87 -10 24 40 22 -65 -127 
-93 -15 120 17 122 87 126 -53 48 -17 94 29 -24 113 87 -1 
-19 -24 -24 -48 -85 84 -96 31 -87 94 -69 -95 -123 103 73 -47 
93 2 -71 17 -120 50 -58 -32 92 31 117 -69 -126 90 27 -93 
-63 114 19 13 69 102 -28 83 94 116 -5 100 82 -7 55 -93 
62 -26 83 -39 76 -53 0 -26 127 -66 87 78 114 49 0 113 
-118 104 61 -76 -53 93 -101 -58 -89 -74 -94 -39 95 23 -87 -101 
127 -63 -54 -80 -56 113 -32 -22 -42 24 6 -61 -100 14 14 -113 
-40 -19 -4 -46 43 77 -97 -20 42 23 95 94 11 99 78 -89 
-125 -29 -34 -120 79 4 121 85 78 -25 113 54 -101 13 -73 36 
-24 -117 102 107 35 -74 -22 49 -98 -74 -104 111 65 -92 -67 40 
121 -72 89 -16 91 -125 5 -20 73 118 -101 64 -35 97 93 127 
2 0 -73 -114 103 -100 -17 -102 -118 -44 -98 -55 126 -66 73 73 
-111 -27 -89 -44 -94 -92 54 -114 -5 13 -19 -64 31 -103 -83 -52 
-13 -76 38 -60 -5 78 43 26 85 -24 -17 -28 -94 24 -2 76 
27 -39 91 -57 -49 94 122 -73 -70 20 -121 80 -18 59 -121 75 
12 -122 -115 -23 31 -12 36 102 -30 -20 75 -116 -41 -112 39 44 
41 30 62 -124 33 33 85 65 -119 23 -22 -56 -100 -96 -88 -66 
-4 26 -61 -75 5 -3 -108 -69 -27 111 -10 -64 95 127 -88 95 
-2 -62 79 12 13 50 -28 51 61 79 -115 -49 21 42 24 77 
-42 35 8 87 -51 8 -67 108 118 -50 92 -16 -53 -30 62 123 
84 87 -50 -78 -65 113 -86 -73 75 93 -65 5 -34 92 21 -6 
45 124 35 78 79 -60 -28 -77 26 73 -21 -42 -18 56 -117 108 
41 18 -124 -105 -89 29 15 -85 92 -42 -92 -53 64 -3 35 -59 
30 -64 -124 55 -14 -50 6 -30 78 120 38 -118 39 -125 -25 -104 
93 -121 45 -9 2 -61 -31 -17 -12 -2 85 33 92 4 6 32 
54 60 15 -25 -57 60 -112 117 125 101 99 117 25 85 -80 -10 
-122 -37 -16 -83 54 -82 -86 63 104 108 93 -77 26 8 -114 -69 
18 91 65 79 -11 116 28 -56 -43 -32 -94 36 9 82 -103 -88 
-41 -72 -63 -37 -37 1 61 5 100 -111 40 41 110 19 53 -10 
-109 -102 -11 32 -30 -80 94 117 -39 -56 -91 121 17 11 -47 76 
-79 42 43 111 85 -14 57 1 -93 10 56 109 14 -60 3 49 
-55 -94 -78 -51 -75 -52 -117 -16 48 -125 -85 -101 -20 95 -59 -25 
-37 -88 -104 -72 -117 -27 66 -56 125 1 65 17 17 72 72 -75 
-86 -80 -68 -107 -68 -26 33 -120 29 53 100 39 17 -51 -30 28 
77 -38 42 -34 30 -116 -102 40 91 -48 61 69 -110 43 -16 -76 
-75 82 45 -24 -6 -86 125 6 -109 -22 96 -46 59 -107 68 28 
-11 -78 -2 75 -114 -63 -53 -52 43 109 23 39 -1 -7 56 47 
-34 -5 -110 -49 64 123 -9 -14 -90 48 99 -111 37 -74 -93 42 
-54 -107 58 95 21 68 48 9 -11 14 -56 -126 36 102 -37 -16 
51 -119 -64 69 38 -116 -31 24 -98 112 -83 27 -110 -63 -90 67 
122 100 -72 36 104 40 -112 -13 -43 37 -112 40 -115 -113 -69 93 
68 -60 -125 -61 110 14 -107 57 33 88 122 88 45 96 30 -73 
3 -51 -64 -80 -110 -54 96 2 7 -99 117 -97 119 -80 -115 112 
-120 -58 40 18 59 -47 64 -113 -119 -68 83 -99 60 113 120 -104 
-62 -113 67 -19 -60 102 23 121 46 -99 -93 -97 -35 73 106 -114 
-23 113 76 -56 101 -92 -42 -75 -19 8 -109 -82 30 87 -105 116 
0 70 -113 -36 -9 16 118 1 105 119 100 -38 94 -47 55 50 
26 102 75 80 -19 98 58 -47 -19 -66 89 -32 -31 -28 15 -55 
81 43 74 -110 -31 -74 -78 -41 90 -31 -111 89 73 12 -116 -88 
-36 -21 -51 68 119 -18 -84 -12 -92 -9 -23 123 -37 -96 110 52 
50 -44 -75 54 -53 29 -103 -15 34 12 35 -69 -11 -111 -108 -74 
37 75 25 -36 -126 49 89 -125 30 -39 -22 59 -17 12 49 40 
-6 9 37 -124 -122 -8 53 115 6 44 107 -102 -95 -5 17 -50 
-29 94 8 18 109 24 -9 -82 -79 1 -116 2 97 -28 86 64 
80 -41 28 39 -102 -84 44 56 -117 -3 -5 -19 67 120 -119 109 
60 -30 -67 22 8 114 121 71 96 49 73 8 51 -16 107 106 
127 -62 -72 29 -33 -26 69 45 90 78 -2 -101 -19 74 -34 87 
-25 81 66 43 -126 108 -34 -104 -124 92 -20 22 124 111 33 59 
36 -20 -98 -74 -51 -73 110 -75 -67 50 120 35 -52 80 -87 38 
-1 64 -3 31 -127 87 57 -77 114 125 32 86 125 -49 -80 -45 
119 -52 -12 89 -82 -11 -60 -20 117 -16 -112 100 91 -40 -115 -1 
36 -15 -110 -104 63 8 38 -52 -16 -40 39 -11 -99 45 121 -22 
-119 10 35 -37 102 115 -7 1 -19 47 -112 -49 76 -78 9 -72 
-98 -24 12 -60 -41 -12 58 -89 22 25 121 27 -23 -4 29 8 
44 -52 -64 122 113 61 123 126 -58 -39 107 55 -89 73 -78 -75 
29 -74 -30 -86 48 29 104 -103 124 -49 -120 -38 114 -53 -1 -57 
45 -32 108 -100 32 124 -33 8 70 -90 -6 90 97 6 76 8 
46 79 -108 -104 -116 101 -71 1 -36 -28 -38 94 -100 61 0 21 
-7 70 11 -22 -22 -19 13 -65 122 92 -41 8 38 -1 -83 36 
42 22 5 -7 122 -102 98 -127 66 -10 8 -114 116 -81 83 126 
99 34 -89 23 45 109 47 -86 -118 78 -37 -42 -38 108 86 74 
-3 123 20 99 119 26 23 118 -120 9 -97 81 111 15 -51 102 
-101 73 -117 70 67 74 41 -81 82 -70 84 32 87 9 -124 108 
17 -13 -10 16 72 -47 -18 -79 -5 70 -117 88 -87 -86 -73 61 
47 89 -79 103 -86 -86 -20 -42 66 44 -112 -99 6 -101 15 55 
30 -125 111 -62 -10 6 122 -48 40 86 16 -70 -56 -94 59 -1 
-43 107 -76 -95 30 -27 -30 22 27 -123 -102 -115 -119 -73 105 -108 
-78 19 -31 42 -74 48 -108 -37 -18 29 -123 -119 -98 25 -15 49 
-13 -126 -65 110 85 64 -47 56 -57 -119 -27 49 -65 125 -47 31 
-101 -105 77 25 -100 -27 32 77 -15 -10 96 22 69 12 49 78 
85 -80 52 54 -17 -50 -75 112 47 108 35 -48 72 93 80 11 
0 81 52 -106 66 81 1 -71 -12 0 83 -1 93 -19 -82 -23 
76 28 105 53 50 108 56 11 93 107 109 -70 0 35 -115 -22 
26 87 -117 -45 -47 -86 -44 125 -2 -109 73 124 107 28 -24 82 
18 -82 42 -6 50 -75 -53 -50 -53 52 -38 42 -124 -121 -8 106 
-115 -106 127 -48 -109 -111 -107 -70 22 -119 87 113 -42 84 27 -121 
84 121 59 58 -24 90 -121 -36 84 -84 -79 -114 -120 99 69 11 
88 -89 124 56 81 -62 -123 28 63 109 -89 -70 28 80 -51 -27 
50 -108 -6 -59 -119 -34 -51 101 16 -68 -49 6 125 -57 -31 -99 
-108 -77 38 47 82 83 -57 -32 113 6 37 51 108 -23 70 -14 
-40 60 29 -48 22 -101 106 -119 -109 50 72 111 -19 112 0 -104 
-52 -1 97 -112 10 12 93 -33 -6 42 -70 34 -12 -66 -64 23 
45 -55 -29 119 -39 23 -11 -21 -68 -32 84 -11 127 116 -61 -94 
52 -118 -77 -53 -67 -10 115 -3 -45 -81 0 -127 -71 9 93 -32 
-42 -48 93 3 102 44 -62 -28 -106 -113 109 21 82 -69 15 10 
-95 80 112 107 -83 21 112 125 0 98 92 96 45 111 46 -97 
-74 -71 -88 4 -49 -52 -40 -93 -5 99 3 67 -28 125 -38 -49 
45 51 -31 -23 -73 29 -62 5 -115 -4 93 -22 24 -83 -124 -63 
-82 81 -58 119 53 88 -101 -23 -43 -75 107 72 -85 26 82 -29 
82 8 60 80 -103 71 -12 88 -93 -50 8 39 -40 45 110 -42 
-110 -35 -124 -90 42 -57 -95 105 -86 -40 0 92 65 23 122 3 
-78 -2 -32 -26 -1 82 11 51 112 -97 58 74 31 59 -47 -103 
-89 85 -1 -81 -10 6 -4 -121 -80 25 -40 70 -48 73 16 -45 
-50 -24 -109 71 107 35 22 73 -103 63 47 -88 16 77 -66 -107 
-101 -49 -29 85 -5 67 -67 51 121 -22 92 -113 -108 -117 92 84 
62 97 -50 70 98 25 76 85 39 76 101 -73 -75 29 97 81 
81 -88 -60 111 57 57 88 45 -52 97 -43 114 37 -78 91 75 
97 37 -90 -109 -94 7 -4 21 -14 55 10 38 91 -106 89 -67 
120 -10 -21 121 14 -116 100 -57 -25 -91 126 36 103 30 93 95 
117 66 115 42 61 108 113 122 -126 21 117 38 -78 -88 -41 7 
-23 -33 -105 36 -28 2 -114 126 -52 53 77 -84 -32 -37 -84 40 
65 38 60 -104 -21 0 119 -11 10 6 -82 -127 100 110 -123 -88 
97 18 -106 5 77 -61 -19 60 -27 -126 -55 13 48 -21 -46 52 
121 93 -1 -95 41 -74 -69 32 -70 54 1 -17 77 -9 56 30 
62 100 -73 45 -126 -72 61 -49 -72 14 99 10 -73 -52 -94 -43 
-115 39 7 -99 -115 -90 92 118 -49 -15 -79 58 2 -124 -68 -125 
-15 95 97 26 117 105 2 -27 -47 -85 12 -6 -125 -119 -72 -61 
-12 102 108 -58 45 14 102 -50 -14 24 -20 -20 -76 61 80 38 
16 97 92 -122 45 -122 -23 -76 -75 -16 -116 57 -2 95 -58 119 
118 -29 -88 -95 -110 -117 94 -34 -8 -16 77 -25 -36 45 -29 40 
-10 17 -24 -63 113 22 34 -54 34 13 20 10 -62 39 -107 -48 
-50 -16 -127 -75 90 74 -124 27 3 -103 61 -35 -30 -34 27 85 
87 -47 101 -112 31 51 116 -21 -21 32 -40 119 -38 -90 -41 -62 
127 99 59 -57 -55 -89 21 -71 -101 102 -59 32 -94 -55 -92 -57 
-125 -35 112 32 114 -12 -112 -88 -3 -69 -104 -60 -8 -20 63 112 
11 -104 -97 -24 -106 11 53 -53 5 122 -85 109 -21 97 -32 107 
97 84 -43 -61 -102 71 -25 -8 -103 -110 87 15 -85 -79 -35 -59 
-93 -126 116 -14 41 16 51 100 -43 40 -124 -52 -121 -14 91 100 
43 88 -6 -106 -8 55 -70 -95 124 -13 37 126 50 -21 10 0 
-12 17 -48 -98 118 103 48 -15 99 -8 36 108 -82 68 111 -22 
15 -43 110 -42 -65 -27 -103 -87 -103 54 -42 -118 48 -51 79 106 
21 110 108 -27 54 -122 33 119 17 -51 10 -30 -52 -13 -70 -6 
-66 -123 -122 -19 -51 -117 81 -102 -49 82 60 -18 68 -61 -20 79 
-48 77 -16 52 -82 -11 -93 16 -94 113 108 -57 -46 -126 126 19 
-46 126 -59 38 -18 -97 -62 52 -68 -47 -81 -118 -114 -77 -103 47 
98 -1 -49 1 55 33 -87 69 102 0 49 20 -85 -29 118 -114 
67 30 17 -1 -89 28 113 2 89 47 -83 82 -84 113 -86 -22 
83 -35 29 41 -53 -24 21 0 112 57 -106 47 23 6 -44 70 
104 -44 -4 55 66 -55 19 96 -109 83 51 83 99 62 42 -103 
18 -119 -16 -106 27 -119 60 42 -106 -94 69 62 104 -38 -75 116 
-6 17 -104 78 -70 115 -9 -87 26 -64 -99 -3 1 54 102 -72 
83 -11 -95 64 -29 15 -127 -64 20 -120 -94 6 -71 52 100 -85 
-32 -109 112 54 -91 -68 29 -51 -87 85 -57 51 -26 -66 93 52 
-22 32 -92 121 64 82 -75 86 -46 -40 42 95 46 -53 83 -93 
113 52 15 -74 -10 -19 7 67 82 -4 29 80 54 25 -24 -112 
84 -76 17 -73 -127 -24 10 -61 -115 69 -4 -114 -92 51 124 112 
118 -11 40 -106 22 60 101 -106 -22 -58 -98 -67 76 14 12 -68 
83 -3 85 -15 -127 -69 27 -85 -3 25 -27 -120 -112 79 -1 -103 
-75 -45 -113 27 0 71 -6 11 77 83 -44 -102 101 69 -122 -112 
93 -24 -126 16 127 123 -65 60 -80 81 29 81 47 84 -92 -58 
-80 -96 -71 -106 -12 -39 -125 -77 51 -116 -123 91 106 -118 -61 -36 
20 32 118 -58 -25 -31 86 -78 104 41 -2 56 -77 -116 93 -36 
95 31 21 97 -50 -29 88 104 73 107 12 -83 89 98 -50 42 
-123 109 -39 16 47 82 52 -44 110 -70 63 1 -63 3 -47 5 
-74 -60 -65 92 -27 91 -31 -45 42 -24 81 37 51 120 88 -40 
-10 93 100 9 11 -106 -73 -97 -44 -123 1 -127 -35 -101 -65 42 
-60 -126 83 9 97 -59 -46 -120 1 101 -127 19 -66 47 108 -4 
96 -29 -72 -19 40 77 45 -109 75 -94 -98 -73 -83 -78 -76 9 
92 6 40 72 125 -57 113 -77 -78 75 -107 102 103 51 50 -5 
-109 -39 66 22 -49 -83 -74 8 51 113 71 52 34 127 28 72 
-25 -92 -34 74 2 -1 -74 -35 63 -21 -83 117 110 92 -2 124 
-109 39 -119 -39 15 -4 -16 111 98 99 71 -76 41 -33 99 -39 
24 83 -43 -96 -36 -58 -38 122 92 21 87 1 110 -63 102 16 
-99 -6 -47 -71 73 -84 32 13 12 -80 51 -6 14 109 126 28 
0 122 -119 -85 52 -47 0 31 -24 23 -46 -87 35 -86 -84 89 
70 -102 60 82 83 31 9 28 -45 20 74 -14 -100 86 -53 -14 
40 77 35 -29 -100 119 0 -14 67 61 52 122 85 32 -95 84 
4 21 14 -71 14 -7 101 112 123 7 -53 -103 -122 -57 -117 55 
-5 81 85 -6 -4 7 39 -6 117 -57 -118 120 -105 -79 -57 87 
-47 39 88 11 -69 3 -122 -34 -81 -25 -112 43 48 78 24 -96 
-90 123 50 41 -3 -45 89 112 -64 -39 -46 124 19 62 -42 -44 
62 80 -91 96 38 -50 -77 114 5 -15 -49 41 -125 105 29 -127 
-112 25 -66 -43 95 73 3 96 20 -56 121 -112 -110 101 13 96 
75 59 116 -39 32 103 -65 -126 11 -18 -26 -29 45 6 -14 45 
-36 -2 -42 7 103 -102 31 -82 108 82 -24 115 -113 28 -37 74 
126 -53 29 39 -47 -51 -102 114 -1 51 73 -59 -78 -32 28 7 
-98 123 125 89 -84 -20 78 125 29 -82 103 -52 80 41 -39 27 
-31 25 72 55 20 56 77 -31 -75 48 -74 40 60 -41 -69 63 
121 64 95 -5 -64 -99 -89 -58 72 -95 127 -117 17 19 0 -85 
-9 89 -62 -33 -49 -28 28 5 117 -7 -50 -123 -52 85 126 18 
-4 -29 -43 -38 79 -39 19 -91 97 -49 -10 -63 -85 112 52 109 
-117 13 25 118 55 34 -59 101 23 -127 35 92 -102 -78 11 -117 
-28 19 -65 89 -102 77 -74 85 39 62 5 82 -86 64 -123 -63 
-106 -12 -57 97 -117 67 96 30 -77 -127 -105 83 36 103 50 -100 
36 -47 32 -82 75 52 6 26 -17 3 2 -42 -58 -30 -100 -127 
65 95 -39 -52 61 98 -115 -81 -102 -36 84 -119 -43 112 18 -46 
94 65 -113 98 107 0 32 -24 -40 33 69 -13 11 -93 -40 -14 
100 28 -36 77 -66 20 113 -124 19 69 11 -64 94 27 -21 -15 
98 44 125 43 -100 -1 34 -123 -88 37 -114 53 -93 -16 76 35 
-75 15 55 -74 -110 -88 71 -77 71 116 52 78 72 59 49 -125 
-9 -25 72 68 -15 58 -83 92 -109 -9 -44 86 -29 -97 47 -81 
105 58 61 -48 116 -22 -59 39 83 111 -21 61 -105 109 -125 10 
-52 -28 -14 -1 78 -5 1 -121 -35 82 -49 96 -17 -56 -95 -66 
28 -75 121 93 -1 116 -113 40 -7 -116 50 30 47 -69 -108 -66 
-19 40 57 -50 83 34 -73 121 104 75 18 -52 -90 -62 12 -21 
-65 45 2 -93 -57 -35 -60 113 -71 79 -123 26 -108 -59 125 -120 
-31 -15 -32 53 70 57 -61 10 88 -41 -53 59 -127 55 -31 80 
98 0 -5 -34 75 -87 -26 -65 -100 66 98 72 -76 -57 24 -61 
-50 4 77 25 119 -42 73 17 -76 -98 0 -76 -27 -116 -16 -30 
-9 79 36 -44 -122 -91 1 97 -10 -20 1 -94 76 -2 -109 105 
-110 -120 -127 11 -44 -111 -116 -7 -109 -76 62 -48 -120 117 110 35 
66 109 -39 32 121 -112 92 -12 106 -31 -116 4 110 13 -66 45 
13 13 -66 -71 -125 120 64 102 -12 -67 -6 121 95 58 45 -17 
18 66 -66 -110 59 -4 41 -54 53 93 26 -126 80 -70 -8 -105 
-26 100 0 54 -12 -1 -57 45 -76 103 87 -63 3 116 90 -100 
-23 -31 97 118 69 36 -60 -60 -13 -23 52 -21 98 -101 -89 67 
97 7 14 20 79 87 -46 -25 57 49 6 -51 50 70 45 106 
-120 -64 -76 -75 -117 37 22 -80 12 -56 76 49 -1 48 97 26 
-36 -82 -5 -126 -59 6 12 -82 -27 -6 89 -76 -33 107 -35 11 
5 106 114 -55 26 61 -115 64 -28 38 -27 -78 39 -113 18 6 
-122 44 0 -64 9 38 30 53 -71 106 0 -57 24 -105 -123 -62 
89 -100 8 63 19 -69 -2 -22 -97 -37 125 -115 -88 89 90 -100 
88 93 -3 -83 -1 -121 69 -78 -43 22 39 -66 -29 23 -59 91 
5 38 90 -107 84 -60 -74 46 -17 64 -104 32 -5 61 -121 -109 
38 126 -99 -63 -114 80 -100 55 -31 8 -32 -74 89 -110 -31 72 
0 4 -99 -74 59 -47 60 25 50 -51 -21 89 -78 -109 76 92 
-82 80 -69 74 48 -9 -27 94 -73 21 -79 110 -102 111 101 119 
56 113 -124 -35 7 16 -120 94 -92 -92 -108 101 -72 31 102 49 
47 80 -107 39 -21 55 38 -47 17 67 103 99 -79 -24 108 24 
-108 -66 -53 54 -16 -23 74 -112 -27 123 78 76 -101 -99 -122 -116 
118 113 117 15 -91 -103 87 18 119 -75 -67 72 -109 40 -72 39 
74 103 91 9 52 -38 42 28 -16 -30 -4 111 82 -126 77 -25 
122 -94 89 -2 -59 108 15 73 -21 -44 96 -21 -82 39 62 105 
44 -46 -78 22 81 -100 69 90 15 32 124 62 -51 76 22 -35 
107 -41 23 120 105 115 -38 -64 44 -76 98 -44 85 111 113 -32 
-63 33 -121 125 -57 -15 -57 109 87 9 24 113 -97 -111 -65 -113 
15 -41 92 -108 -92 19 -83 68 -93 7 39 -56 51 9 -127 -73 
-77 -1 -62 -124 73 -60 -50 124 -92 -44 15 93 -100 -41 29 78 
42 -52 -117 -124 87 -49 41 -18 -20 38 28 7 -98 84 -12 -50 
-6 98 49 90 101 126 -101 -13 -85 26 17 -79 -86 109 -104 99 
-34 74 75 -2 0 -117 -56 -17 14 22 -55 -18 -78 49 -66 37 
121 -70 -122 -21 -106 7 115 -60 -102 -30 53 97 -13 -124 74 -86 
0 -73 -37 71 -90 0 -1 -80 -44 47 -88 81 -108 -15 8 -19 
62 -13 9 46 -100 -56 20 109 0 -79 -80 -120 -96 23 -98 -87 
-43 -51 100 -99 11 -40 32 98 -90 -41 69 -64 -54 -126 -63 71 
31 35 -74 52 116 -121 -12 -24 2 73 58 121 43 45 -4 -58 
-18 -77 56 -107 -38 -106 49 92 -21 -40 77 -1 -47 -93 -52 57 
-125 -94 90 13 -45 26 -24 -69 -43 77 91 -82 94 -58 65 -70 
72 72 71 41 -24 43 -96 85 -15 42 -105 -125 -48 -69 87 47 
46 83 -94 100 -84 -19 127 31 7 -117 -82 101 26 -93 -56 68 
120 -77 -106 -51 9 43 42 51 7 107 -45 28 -109 -4 13 110 
54 32 -15 19 -67 71 78 11 12 24 84 -113 26 -23 103 -75 
-45 -16 23 125 -1 82 18 -56 30 -95 -55 49 -120 61 127 12 
50 -32 -113 -91 110 -11 -102 76 -112 -69 -30 106 -83 67 2 -34 
112 -120 -109 41 -2 61 -102 11 -102 -4 -35 38 -86 6 105 -75 
0 -18 101 -112 -8 126 124 -3 -109 -29 103 -100 95 67 -51 -50 
-96 56 -19 62 -30 -92 125 -108 -123 48 -69 -106 -90 43 1 -114 
-55 68 -109 24 94 -110 6 12 80 29 74 -98 -111 -21 28 60 
66 -118 -24 22 -28 -126 9 -32 54 114 94 -127 -55 -82 -51 115 
15 -103 47 -79 118 -13 -21 -98 -126 -94 -103 73 -28 83 41 -15 
107 77 -77 -111 -93 67 71 -19 92 6 86 12 96 108 -26 -62 
-41 42 57 -108 23 -103 95 -110 -42 -110 -22 -57 -25 -49 3 21 
-113 -49 -89 -78 -16 42 104 48 -53 87 109 107 35 19 63 49 
-57 -45 -85 -18 109 -125 -90 43 55 -37 -18 -35 -111 18 -38 126 
-40 -10 124 61 51 62 31 86 -94 59 -31 14 91 63 39 117 
-19 -121 118 -23 27 84 72 -73 -77 59 -22 32 59 45 60 -43 
33 116 -127 122 -32 -56 47 -68 -71 51 22 38 98 -123 -26 -53 
86 -24 -35 26 21 -96 73 111 66 -42 -42 -103 -82 95 -79 -13 
-85 44 -80 76 -113 -49 -86 9 -44 29 18 -44 -117 -45 -98 124 
-5 84 89 19 -57 18 79 -66 -58 42 59 -127 33 -1 41 67 
-120 -126 -82 -35 -1 13 70 -24 110 72 118 85 60 -9 126 -33 
-86 97 -9 93 -8 86 -107 -114 -9 82 85 -99 -88 41 -87 17 
-96 -17 -40 -32 0 112 -112 -96 120 -10 -1 10 24 -123 109 50 
57 110 -99 1 -69 -64 -121 42 68 104 69 28 113 -34 -47 -46 
22 -115 6 -2 20 110 47 -44 -5 1 108 36 -39 99 -116 -84 
-56 116 96 -65 21 -54 111 31 58 110 78 109 -89 -61 95 88 
68 56 90 -6 -102 58 -64 27 15 -28 39 -29 -103 92 88 -55 
15 -93 60 -11 -29 110 83 87 78 58 103 -46 107 -21 64 -39 
-7 -64 -98 -45 -114 -47 -44 -108 19 87 28 -101 -64 -52 -48 58 
-20 -111 50 -70 125 -122 81 2 -59 -88 -75 -54 -111 93 -71 -110 
-2 -94 -37 95 93 115 38 96 -9 29 27 118 107 124 110 -72 
117 -109 -56 74 127 -98 -50 -8 -29 -78 -64 79 -114 80 -42 46 
85 30 -66 50 40 107 -52 -118 -83 119 34 -21 47 -42 -97 24 
105 -108 -31 -7 26 114 87 119 -6 -22 65 -72 -21 -84 -102 73 
-123 51 81 111 85 79 115 -29 -68 -99 -89 -86 -32 17 -101 66 
79 -121 -23 -59 116 69 2 11 -105 -37 74 -110 -39 77 0 46 
-24 -104 39 2 30 -118 -120 109 99 2 -22 -102 85 72 40 77 
-1 85 -83 -110 12 14 20 -69 -27 -97 80 88 38 119 32 111 
78 101 -32 -103 -90 35 74 -14 74 45 -75 -79 -76 -59 -63 11 
-67 18 31 76 41 67 -3 -120 -43 32 -4 107 -81 -119 -15 -71 
88 10 55 37 -68 -24 88 -66 110 78 2 10 2 55 35 80 
6 100 -106 74 97 74 -97 3 -95 42 21 52 41 11 62 115 
-43 -56 106 22 -110 -47 -30 -8 28 -54 -101 -6 113 -73 64 -102 
3 4 -79 18 101 87 106 -59 62 69 -107 102 58 62 -79 -95 
38 120 -3 113 -36 -11 -63 64 125 -44 98 -65 -123 -93 -109 -18 
59 -107 19 -61 -39 77 95 44 62 114 17 87 -89 94 -116 -122 
-69 75 53 97 -40 100 80 -16 91 -44 23 -69 -56 65 99 -127 
80 87 121 44 -92 115 98 62 2 45 19 1 -105 -29 -27 -10 
83 -51 -100 -75 14 -24 120 -95 4 78 -54 100 83 -20 66 -18 
72 -41 16 -23 -54 -11 -21 55 -67 114 63 64 -26 101 16 100 
-6 118 -59 -74 -70 -35 71 -116 29 -48 -2 -52 -26 -20 -96 61 
-39 -103 81 -72 57 24 -118 114 120 59 -104 50 -78 -9 -1 -62 
83 -96 -5 26 64 92 18 120 -111 -41 78 -71 -22 -16 5 -93 
66 122 35 49 -63 -77 -38 -55 -22 8 0 36 -68 -86 -67 -103 
-55 -62 15 73 -55 29 -44 -101 -26 -108 9 124 -122 -4 -71 116 
-19 24 -28 -16 -106 -55 89 -12 55 -55 78 33 125 -44 -67 -63 
-6 89 81 -101 53 -85 47 0 9 76 -33 1 21 20 -10 -46 
-56 61 64 82 -43 91 -86 -47 31 -16 56 42 38 -7 -110 90 
-56 -115 11 1 -117 2 68 17 62 -57 17 60 -125 -92 90 43 
58 -54 -15 0 -124 -96 -83 -115 -64 -118 -30 -77 0 -54 8 27 
73 29 -24 46 103 103 38 -97 28 20 76 16 -102 79 -10 20 
-37 -22 -116 1 8 82 -35 -78 121 92 -58 117 -89 -97 80 -120 
-125 119 -107 60 -58 18 -5 -91 -101 29 -73 13 -80 77 18 99 
-53 -90 117 29 -79 -73 -83 50 68 -51 -71 -88 97 46 -121 87 
-104 -99 52 15 -116 -21 -66 -103 -8 -89 -17 59 15 83 87 -43 
24 -79 -39 -22 -74 77 39 25 -26 -90 -71 -77 74 -112 74 -8 
59 86 35 30 -79 -70 38 112 9 -123 88 104 -92 -26 54 -17 
-8 77 75 5 45 -50 21 34 -62 -120 84 -32 124 -98 22 124 
-103 0 0 -28 -58 -30 116 -125 -93 -27 -59 38 91 6 -56 54 
-93 3 120 60 109 123 -112 83 -7 -71 -12 -84 26 8 -86 77 
58 -121 -5 71 34 21 106 -20 50 89 -120 -25 -86 103 6 75 
-113 20 -84 -4 -53 12 -97 21 -121 27 115 -81 66 74 43 87 
24 55 -45 106 54 40 -40 46 26 -15 14 96 -16 -42 41 -103 
88 101 53 94 69 -77 36 12 58 -12 69 -37 -83 -118 -68 66 
92 54 -41 90 -11 118 69 -104 -78 118 -83 -109 -27 58 0 -106 
74 43 21 -86 -124 87 -80 -80 18 27 -117 -82 104 -22 94 48 
67 -82 36 17 4 -53 -90 43 96 -97 -82 69 -87 87 -33 -15 
-66 -13 122 81 -125 -79 37 24 -65 -68 -81 -104 -84 83 21 107 
-106 -108 37 75 -110 19 -25 -64 -35 -100 29 3 -43 -43 -19 -28 
-8 -110 61 -108 -15 25 -39 79 -97 -55 44 116 -90 -79 8 37 
-3 -97 -76 -11 19 95 -72 -64 45 -83 -74 -67 -8 43 9 -49 
-36 -90 -81 126 -61 30 11 93 113 -81 -113 -84 40 36 -96 -33 
-79 -59 -87 72 -109 126 -8 -52 126 -36 -56 -71 58 -106 -67 -29 
94 -12 -108 74 87 -50 12 34 87 58 28 -1 59 59 64 38 
-83 -69 101 -103 73 -46 -84 117 -17 84 -88 -26 91 -114 6 124 
-81 31 48 41 121 -43 -37 -68 -83 105 83 27 -104 -65 -76 6 
-53 44 -22 -74 -54 63 -7 -80 -64 -122 33 14 9 -18 -57 56 
-118 -122 75 -5 47 119 56 -71 54 -33 -21 -50 -34 -32 59 -109 
89 26 -69 47 -116 -100 54 77 -31 -73 123 -2 58 -79 -81 -31 
-113 33 84 -103 58 16 80 49 68 -122 -80 97 68 -59 60 -37 
91 3 -109 57 4 -18 -32 5 -113 -14 66 -7 3 -50 95 -51 
-82 -95 57 62 71 126 -52 -44 -27 -19 -118 -17 30 105 8 -6 
125 60 102 4 95 -91 81 -81 75 49 -46 0 11 114 0 50 
-78 -74 -74 90 111 -127 -103 -17 22 3 47 120 -122 69 67 52 
-61 -100 53 -126 67 94 -84 -69 -47 -30 121 70 -46 -64 -55 -32 
-120 79 -27 -71 -41 -97 -34 -35 106 21 -24 -65 0 -117 40 -40 
97 104 -112 -32 -102 56 87 64 53 -53 65 -74 -32 120 95 78 
-102 -19 42 82 -90 73 118 34 -123 69 -59 -108 -92 -59 -86 -118 
-30 -110 -29 69 -122 62 -60 94 18 18 104 -102 -17 -74 -30 -119 
88 -126 61 1 31 -125 -125 -54 87 112 -48 113 47 -19 68 -50 
-33 86 123 43 -35 -124 -120 26 -59 -55 87 39 -13 -25 -51 97 
-122 76 -34 -81 -42 -37 12 -17 66 70 109 70 -52 -79 16 -83 
-20 -123 37 -6 -65 -66 -7 26 -94 -23 108 5 9 -62 1 -86 
-43 57 -15 37 100 125 -33 84 -46 58 127 -85 51 -20 -18 -19 
-80 -108 -44 -20 -90 -70 1 -76 99 -79 -127 52 -20 -27 2 -16 
-12 -44 101 -86 18 61 81 68 -108 -81 -6 -83 96 60 -28 89 
-88 34 -115 -76 -110 -52 -8 2 -15 -75 -24 -31 -95 4 -30 -80 
-2 -28 -63 -23 10 -4 -82 93 1 44 -15 -19 -50 -92 9 127 
-120 66 4 23 2 -68 55 -8 11 23 17 -116 70 55 -87 -71 
45 -17 126 -118 28 74 -48 115 -65 -46 -24 -109 37 50 72 -105 
-44 23 8 39 -8 94 108 71 -115 -92 -82 100 -127 -26 118 112 
81 8 -39 59 27 48 16 0 -30 93 -112 30 32 21 -81 -18 
-5 39 -1 -104 -121 20 63 -86 -42 70 -9 -95 72 -21 -90 70 
122 -46 59 41 0 46 -5 12 -91 127 -88 -24 -98 -38 -71 -32 
-101 52 -34 115 122 -116 74 104 88 -58 24 102 100 92 97 57 
111 108 92 -39 -98 -98 39 -109 76 120 47 104 75 85 -89 -69 
-83 4 -50 2 -119 -24 -18 108 75 -69 -38 107 -67 -1 -42 14 
-55 -54 -122 -105 -59 97 -54 25 44 119 33 -25 -17 24 -112 -14 
-81 -64 -60 77 45 33 111 -63 86 -7 116 42 30 66 -41 96 
92 73 52 -123 -123 85 -69 30 -90 -82 -3 -40 27 -37 -6 -50 
57 -119 -121 0 -72 40 2 -94 -22 80 -26 40 -88 -79 25 -78 
31 88 9 -124 66 -57 -23 -54 -87 37 60 -117 -32 60 86 121 
-124 -99 -119 -113 115 -70 -106 -58 30 105 98 99 68 74 -73 -5 
-91 -42 -16 47 36 -11 -44 55 48 2 -124 102 21 -79 -29 -94 
-118 69 -24 -9 46 -22 -14 -28 -23 57 -122 -71 37 38 95 -109 
-110 -110 113 -107 -80 -91 -66 44 -45 47 54 111 -63 32 0 -99 
-96 -64 -48 -80 -6 -74 -1 42 78 -30 -127 121 -34 114 -56 81 
-102 -123 -81 18 -83 -36 -55 -118 86 58 105 -11 1 -113 -105 10 
-71 -94 22 -121 40 -84 -97 -32 87 78 34 13 -42 -68 -117 96 
83 61 -51 -6 67 97 116 -35 -23 66 -83 -76 -72 105 90 81 
-102 98 115 -122 127 -77 -63 -48 -6 60 -55 81 -28 -125 67 -2 
68 -117 -26 19 106 1 110 18 -9 -46 65 69 -122 -43 -47 -69 
12 -41 -87 64 -89 -42 100 70 -38 -18 -34 51 122 69 -127 -117 
-31 114 20 -29 86 3 63 12 -66 48 -75 -97 28 -125 -9 -60 
-26 -23 -18 -104 7 -60 105 -104 89 30 -38 9 10 15 98 16 
-110 60 -106 72 0 -85 -47 44 86 31 69 -79 23 -89 106 122 
-126 47 -107 -82 51 -60 -116 83 -95 -94 98 120 57 -50 30 22 
80 33 38 -106 16 56 -103 -90 -76 -65 68 -100 -9 -75 28 15 
37 127 -26 -20 -105 7 -111 -27 94 116 32 45 63 -122 98 57 
98 13 21 68 -104 44 16 20 -43 -31 106 17 -50 -123 -96 -123 
-60 13 -45 16 9 -66 53 -8 -7 -2 124 82 -65 -40 -70 -42 
-25 -76 5 88 29 21 -23 -120 -126 8 43 39 17 -14 82 91 
71 -122 19 64 -53 -63 13 77 4 -16 98 84 58 50 38 29 
-78 -101 -68 118 -89 69 -66 -20 15 -21 102 116 -21 -6 22 -17 
122 33 28 -82 -106 -115 -59 -79 -53 23 51 108 52 33 -53 90 
82 68 59 59 75 16 -60 -54 115 -85 -9 -118 12 -3 -56 -119 
-50 14 69 -120 -99 -10 77 76 54 -48 113 28 -114 -57 -1 -116 
101 -19 7 -121 -62 -34 20 3 46 -82 5 -28 26 58 -40 -34 
15 83 32 62 56 21 33 -89 31 58 -111 -127 54 88 -121 16 
53 99 -29 -26 20 41 -122 -9 -50 -124 71 -27 19 53 -122 -97 
96 -27 -127 125 80 -43 -107 14 -58 -107 15 -121 71 15 -68 -15 
-114 -115 -60 -31 -24 35 73 -49 -71 -9 -4 42 -25 -103 63 -112 
58 -113 86 -69 -102 72 -91 -63 99 93 -35 -124 -67 -16 -8 43 
-14 -29 -96 25 73 -44 -23 64 82 66 -84 -39 122 123 91 45 
-103 -23 41 78 34 72 -120 -66 79 -103 19 88 -9 25 118 103 
-125 -94 40 -54 -112 -56 118 80 16 100 21 -106 -22 0 -33 56 
-56 -101 -86 -49 20 49 -125 13 78 7 -19 116 109 112 30 -97 
-14 109 61 12 92 -50 35 52 57 27 -24 -23 -44 -61 32 45 
-36 18 -40 -76 120 64 50 -126 44 -32 1 110 -64 -89 52 8 
-105 -25 98 -26 98 0 93 51 68 -57 101 123 105 83 88 -99 
61 122 18 -82 -34 55 25 -85 10 -109 67 -118 83 -53 127 105 
126 23 10 66 -104 75 92 1 -28 -24 59 6 -73 84 -35 -121 
36 0 48 6 31 -29 -118 -67 -53 5 -9 -22 -98 -22 -53 86 
72 -126 78 72 -24 9 36 -111 73 103 96 -125 -12 -68 79 -125 
-85 7 64 26 -66 -74 -52 39 -7 121 -78 1 13 60 127 90 
-10 -34 -48 44 -104 -50 96 -60 -25 -4 78 26 -19 -34 17 -109 
69 77 28 -96 -61 56 -57 107 41 97 -102 -110 -12 70 -76 -8 
-39 71 -3 110 69 -122 -56 54 102 -118 4 -27 -123 -42 -38 -28 
72 -58 101 127 -2 74 19 -81 29 -126 100 -62 -84 127 69 18 
117 93 70 -85 75 -98 -54 -59 93 57 -74 -94 19 47 -71 112 
-60 85 -13 -47 91 120 -5 12 -49 30 -63 42 105 8 102 73 
-112 96 61 -9 -5 71 -40 -53 19 -123 -21 -115 -93 72 31 -75 
93 11 -62 -4 -38 30 127 40 -21 15 12 47 50 10 -7 19 
-62 -23 -97 -16 37 -10 10 92 20 -123 73 -50 -29 119 88 -48 
-68 -25 -72 64 -110 -127 -15 -127 36 51 -113 109 -58 125 101 -15 
-30 11 35 -98 -124 117 -21 -74 78 -35 73 109 17 3 59 -115 
100 -70 -74 -45 16 -4 82 53 -2 -63 101 -50 18 50 8 62 
-104 -93 -63 59 -7 -105 -81 85 90 -43 -72 13 -62 -30 5 60 
110 -8 120 -119 42 -45 -91 8 -11 -76 49 -122 -87 124 -99 13 
-31 72 -119 -70 -112 -62 -3 -123 3 -99 31 22 -87 -67 -111 119 
110 -116 38 -19 33 89 -79 58 122 7 40 0 115 0 6 15 
-20 -77 -53 68 -107 -28 -123 115 -114 -123 90 32 -52 -115 -70 57 
76 48 -113 77 83 -49 -64 59 -37 100 30 -5 35 16 86 -11 
111 -61 -102 113 -38 4 -53 -32 28 15 6 18 32 -105 86 -71 
0 -20 -75 118 -57 -116 -97 -36 -85 3 121 -44 125 -119 5 62 
110 43 100 -99 -8 60 9 -44 92 24 -119 -10 72 -20 -85 -3 
13 -66 33 4 116 -32 90 98 73 51 11 -110 9 -92 -34 -67 
-1 -92 91 -106 91 -104 120 9 -124 -108 127 -113 35 -118 124 79 
-22 10 -59 -7 47 94 116 41 -78 111 63 53 -90 37 -30 -118 
-97 17 25 116 102 -84 -55 6 -65 -24 -77 106 -8 103 -84 -32 
117 42 20 -33 97 24 -102 36 71 86 -52 125 -93 -54 -97 -101 
3 19 -83 47 96 49 -77 33 117 -23 111 56 -11 -77 -9 -105 
92 0 18 84 -87 1 70 -45 109 67 71 45 52 60 36 -87 
37 -120 -85 123 69 -120 3 -23 -84 -27 108 -98 119 39 -60 46 
117 104 113 89 100 0 94 56 -82 -76 -52 99 100 73 125 -121 
-111 -34 -26 88 -104 -32 -76 118 -32 -70 -1 -109 -32 -34 -15 4 
-89 -102 45 -29 -48 -37 1 -69 -58 118 -34 79 -36 -95 -109 -76 
125 -20 125 90 26 -83 -85 70 -65 -6 -24 14 -71 59 115 59 
-64 88 -88 -42 -29 13 -38 -47 -87 -28 48 63 121 33 24 -115 
69 -13 -67 125 -125 -6 109 -69 -66 -94 50 41 41 53 50 -115 
108 56 13 6 82 -11 92 50 -22 54 75 59 29 -64 -78 85 
-106 -101 -85 12 5 -17 64 54 -91 -51 57 31 -57 -15 118 85 
26 96 44 13 1 -46 67 -13 10 70 119 81 -13 22 -100 31 
80 119 34 -77 -75 -64 45 34 14 -10 -32 68 23 -23 122 -29 
-79 103 -23 -103 90 -63 35 68 54 -75 -6 -49 -39 32 -89 -58 
12 -81 110 110 121 -113 45 96 -48 30 43 -94 83 -25 -109 108 
34 -56 98 -51 87 28 -30 -80 -7 18 -105 -86 9 -91 -23 -126 
44 91 81 -42 39 -47 -104 108 -61 -38 -87 92 21 -90 83 70 
35 43 -22 -88 52 91 -42 -102 30 86 123 -88 70 -113 4 -126 
-96 -112 74 127 25 -83 -52 -79 -39 1 31 -39 -41 -105 -122 -52 
92 96 112 0 -60 -13 -100 -9 -53 -92 -41 -106 85 -41 127 -85 
17 -116 82 -20 -74 126 -61 83 -74 -9 65 -47 -21 -115 -69 -7 
-64 39 -43 67 121 -61 117 83 -50 -31 -48 -98 71 67 127 -19 
-27 0 41 103 98 -66 -43 52 -33 20 50 -16 59 43 -11 86 
37 -66 122 58 68 -33 124 119 -56 41 -81 44 18 17 -98 88 
59 10 -14 56 -91 83 55 67 6 16 -29 -97 103 -95 -6 -23 
47 -116 60 124 -82 -20 2 16 -85 -24 -57 -90 -74 -11 0 -70 
59 -74 -119 -117 -115 15 46 98 99 4 49 80 -55 -67 -103 -22 
77 20 -10 84 -90 -112 62 57 100 48 -125 8 -111 -32 47 89 
-53 -84 -12 -101 116 -94 13 -1 107 80 -38 104 -109 -71 67 17 
-31 -30 -43 -58 -27 -23 -27 -54 41 61 -77 122 -85 -123 96 -30 
-89 -72 8 -25 -79 -100 126 53 52 -97 -22 24 24 -92 101 24 
-68 -7 12 125 -12 -92 -55 -32 70 36 -7 -83 -24 50 10 26 
82 -101 105 14 9 -23 31 96 114 -1 -74 -32 28 111 115 17 
-119 89 126 -13 51 24 32 74 -20 -59 -52 -85 52 68 -58 -2 
26 17 0 -109 -65 54 -4 -39 -104 28 -4 -92 8 16 -1 -41 
35 -73 -11 -90 122 107 -125 -75 -91 69 -44 -68 -79 -14 -6 66 
-66 109 -49 94 -106 70 91 -40 78 118 -120 -92 64 -30 -20 109 
3 -100 87 9 -98 -65 32 97 -78 121 -28 -84 -55 49 -21 -60 
25 -52 -94 -84 -29 -20 20 65 -24 10 76 -121 -81 70 -124 107 
107 -53 -1 -122 0 -53 11 20 -56 -15 91 55 -124 0 90 82 
110 -40 -14 -88 -101 -82 104 32 -92 -114 101 -64 -85 -81 -106 -112 
25 25 -69 69 69 110 -126 -18 17 -41 125 -112 -122 34 -96 18 
-104 -76 82 19 103 -65 -57 -47 -8 -125 11 -33 77 15 -115 -21 
106 56 16 -95 104 31 60 73 107 -108 -67 -115 29 115 -47 -3 
39 -96 121 15 14 8 -120 -58 -121 61 -36 103 -95 -113 -118 -82 
15 20 52 -11 -80 1 -75 17 -74 97 -14 68 -75 106 -126 44 
109 75 32 -121 114 -122 51 -95 53 -53 -34 94 -113 -41 -9 17 
122 -67 57 -43 -58 -91 -102 -123 -115 59 112 -75 -95 26 64 -103 
-98 111 -36 -92 -57 -63 33 90 -30 126 -9 -88 -83 0 0 -19 
-77 -105 21 -92 1 79 -104 100 -121 -48 -66 114 90 46 62 100 
-32 5 -67 -16 -1 48 18 42 36 -100 -114 -123 -72 85 -114 48 
-115 15 105 91 -62 87 -42 -71 -126 17 -62 91 -42 -21 -63 -119 
-123 -40 32 -80 -65 -111 -62 51 -99 0 13 22 39 -71 60 43 
65 42 38 31 57 -87 27 78 37 103 103 83 5 78 120 93 
-69 17 -75 -4 124 124 30 72 -63 21 6 37 -25 96 -91 -41 
-64 -74 116 -16 111 -82 -107 -114 -109 -104 126 14 50 -102 14 4 
34 -20 -50 113 77 -117 -44 -44 -43 -25 -107 -83 -86 13 45 -118 
-47 115 59 55 11 -125 36 -95 12 -103 -2 41 -54 63 115 -30 
-121 26 -67 -57 7 -62 94 -54 -98 37 -97 62 48 -85 -57 -46 
101 120 67 -65 121 -56 -78 -5 -117 101 -79 56 -99 -53 126 15 
67 -47 -103 -1 27 -43 -66 87 62 -67 -3 -4 67 5 23 33 
-66 -113 46 -42 79 111 48 91 -114 87 71 69 -43 -123 -1 8 
103 -19 1 -52 93 -123 13 26 102 127 -58 -121 90 -117 -43 100 
32 -1 42 -23 -61 -120 71 -3 -56 -16 -1 -24 0 11 -48 -6 
-36 105 -83 40 -38 112 -97 -121 -89 9 114 127 58 -28 32 -13 
-121 1 -96 32 -121 59 8 -49 -21 -115 53 79 -56 68 87 -41 
25 111 96 -69 18 -124 119 73 14 10 39 60 12 72 55 14 
43 106 82 -72 -25 83 71 53 -69 97 125 1 -70 -65 85 58 
-96 12 24 3 9 32 -2 -53 46 76 -39 48 65 116 -9 -43 
106 59 110 -90 24 -50 -84 60 -76 -20 -43 70 -89 28 -124 25 
-120 -126 11 68 -66 86 -104 -120 -85 -33 3 -54 44 -19 -125 74 
-105 -46 -88 67 81 77 119 -96 107 48 -97 122 -99 -101 43 -66 
-99 110 98 -79 -48 30 16 94 19 29 109 -80 -123 -43 109 42 
-9 -111 -11 -119 -78 -73 -5 71 -98 53 2 47 -124 113 -104 -26 
-91 46 -53 -65 -97 81 -75 -61 76 -27 49 72 95 8 -70 81 
22 14 -88 31 25 -36 61 -12 -68 46 104 82 -41 69 76 -124 
-89 -31 49 -35 -55 11 -100 89 114 62 9 27 63 65 -20 -93 
-65 -122 8 70 -94 55 -17 4 -58 -115 109 95 -6 -115 16 -25 
9 -18 -114 94 -108 -76 61 18 49 -56 -12 41 43 80 97 107 
74 -41 -57 100 -104 -26 1 -6 18 108 -108 -96 -60 124 25 72 
70 14 82 18 13 -117 -43 4 -83 -113 123 -69 10 11 77 125 
-3 -102 -102 -76 -104 -97 101 123 -90 -7 64 78 -94 26 -61 122 
48 -79 61 -117 -118 -56 58 126 -11 31 83 60 -73 85 25 -109 
21 -68 -19 -75 -90 -57 -100 -91 120 92 127 49 12 -99 74 -75 
-35 -80 -25 -62 30 -89 92 113 44 -61 -45 25 97 55 29 91 
74 51 -79 0 88 -27 -111 -105 51 57 -67 -67 84 75 -79 -9 
-79 -69 89 -124 119 -86 15 -17 -35 115 42 -23 80 -45 -42 91 
-19 -36 -17 -40 92 1 10 29 10 -20 -106 -96 -108 -57 -11 -92 
117 17 -5 -49 12 57 -103 41 125 -78 -65 -45 34 40 122 103 
17 78 7 36 11 -7 -94 83 -100 -22 -101 71 100 -44 85 -54 
104 49 91 -123 59 -119 -33 -65 -88 -8 62 69 119 -57 -114 -121 
-51 -92 125 -107 -17 122 86 -43 -76 -60 36 -56 64 35 -82 22 
-85 81 -59 -44 -25 -49 -100 -8 -94 -7 8 97 36 -111 -112 100 
-46 31 119 -81 112 57 -44 45 -12 -39 -53 118 118 -53 -88 7 
58 -125 -87 -12 -84 24 56 59 107 116 30 -24 16 105 36 109 
51 65 -10 88 76 97 46 -111 18 -42 -74 -98 63 -127 -1 -109 
-18 115 30 3 -83 -36 103 98 47 -40 100 99 74 57 63 -58 
89 -87 -52 -15 -121 110 -23 23 31 110 -71 58 2 113 -109 -104 
-44 117 -39 -93 -59 -42 -45 -93 -107 -47 -48 43 6 -3 -35 20 
94 80 -25 121 117 51 -101 101 50 -52 69 -123 71 -35 -43 14 
103 2 -70 -10 -33 73 -121 -98 110 15 126 32 -104 105 -69 58 
-26 94 85 19 79 65 37 124 53 92 72 84 93 120 37 -46 
-117 -62 76 69 -89 -59 -90 8 -115 -81 -57 124 -95 66 77 -124 
65 20 -106 18 22 74 9 -33 124 57 -79 83 127 79 -9 -32 
104 106 97 43 -7 -16 88 -1 -13 79 82 -24 115 -92 -27 -17 
-28 -118 66 78 -75 24 -50 110 -41 84 122 -90 120 16 -20 -110 
-80 -14 53 -118 121 -125 -112 -125 -33 -63 104 73 83 -102 111 -45 
43 -15 -43 -91 127 23 -50 70 69 -58 -60 59 -43 -10 -104 -12 
13 105 -74 111 -40 -116 104 22 -119 -110 97 -76 74 -95 -107 -112 
18 -6 9 -21 -9 -14 -25 126 47 32 95 -44 -50 -15 -114 90 
115 -34 -6 -69 29 -73 111 -51 -117 72 -42 -2 5 -86 108 -69 
9 -26 122 -60 -37 -79 53 88 -107 19 83 63 29 -94 -94 72 
-28 -18 118 108 -112 -3 -93 46 -20 126 26 18 99 -44 -64 67 
81 44 -118 96 54 -49 111 -103 -122 75 86 -61 99 5 43 -63 
-109 -70 -60 37 125 6 -27 6 -101 54 40 36 36 -93 106 -14 
-41 -38 -46 100 -108 15 -61 -102 7 14 -38 -35 107 12 77 49 
42 111 62 -11 -8 74 88 75 67 -42 27 -112 -80 -91 120 -112 
48 84 22 -72 38 65 -49 -51 106 -2 -55 -83 -102 -61 -119 -62 
61 -90 111 -120 60 123 -119 -100 -15 -117 64 -59 -28 -86 62 77 
-57 16 -109 127 82 77 87 -61 -3 35 -98 -24 -44 54 -28 79 
34 -117 -7 4 -112 -112 77 -60 85 -54 103 64 70 105 6 69 
-122 38 31 34 -120 -26 11 -87 -73 100 -106 53 -68 -34 -53 87 
101 0 -119 -82 89 63 26 1 -35 0 -2 0 -111 42 -60 -87 
-84 -67 30 126 -24 -96 -32 35 -83 23 -37 -32 53 120 74 -79 
114 -49 81 -82 72 99 -125 -74 106 -107 -10 116 36 -100 39 16 
-18 58 39 -78 56 13 -74 29 -11 -31 -37 41 69 -29 -79 124 
95 -47 -102 34 86 -83 45 -34 -118 44 -18 75 -67 -82 -39 66 
97 18 28 -82 -86 -121 -69 71 93 -77 -93 -26 79 20 72 -109 
-62 -121 -8 122 -13 -103 -110 92 -107 126 -100 -69 -11 -109 66 63 
-56 -87 113 48 -28 -126 -73 -3 6 -56 111 -77 -89 33 -48 105 
89 -8 -2 -51 6 -35 123 8 -97 -10 -21 1 -53 5 38 82 
-49 51 -41 75 -79 18 -70 107 -20 15 -116 47 6 -71 -20 -77 
-30 21 -95 1 79 -76 88 -20 43 -16 102 67 73 78 -46 -44 
82 -6 -27 -55 -65 41 51 26 -87 26 28 100 -81 94 -44 9 
-29 22 -10 -121 -105 78 39 -57 59 93 99 106 13 1 -52 57 
-16 25 30 -10 108 -118 -96 48 -35 -57 34 -45 -8 -88 120 -76 
10 -9 72 -64 9 -17 -70 -11 -67 -41 -57 6 43 62 66 -81 
127 108 -113 -36 64 -23 47 -56 100 81 -7 -15 93 -78 15 16 
36 -86 -74 -56 -16 20 -7 66 121 44 13 -23 29 -27 55 -60 
-42 40 20 36 97 92 83 -39 14 -21 30 -25 69 52 53 109 
58 6 -48 -111 -1 56 126 -123 8 112 -100 -25 26 51 -33 -25 
2 -117 -35 -80 43 41 -58 -126 76 -119 121 -127 95 7 -77 -65 
114 -99 -33 7 -39 -54 -30 -9 -46 -95 54 96 106 41 32 55 
-127 -50 34 73 -80 -96 26 6 9 -4 85 -99 -67 23 83 18 
-29 -38 -37 -73 111 70 98 -37 -24 -73 -122 -8 34 115 121 -65 
69 -83 -87 17 96 -41 24 49 -48 -116 20 33 18 56 2 -89 
14 -76 48 28 -22 97 -47 126 22 103 12 25 68 -46 110 124 
-83 -103 119 -67 -124 28 56 64 72 -109 -3 -49 92 38 -8 -22 
-36 -40 32 6 1 -13 -116 -125 118 72 87 -110 -59 -55 -56 -2 
90 -14 78 17 -37 -87 -108 1 66 93 -5 36 -67 -110 -36 106 
96 16 38 95 47 -108 116 27 -30 -124 -44 50 -112 59 -104 -26 
4 -116 -107 90 118 -87 81 27 110 120 6 101 -85 37 110 -73 
124 43 -84 -38 -117 63 -25 94 48 -102 -31 20 83 -100 7 7 
48 -107 -69 60 56 3 -116 -123 -30 -72 46 102 32 32 -45 -50 
94 -123 -69 3 124 -112 -100 -56 -8 -122 -62 23 0 -40 30 -94 
-89 -56 115 -20 -47 62 87 -88 104 80 -33 -77 -1 86 -74 -84 
75 26 58 -1 -48 118 -66 42 -46 -124 5 54 82 3 -125 -44 
20 22 108 117 54 -85 61 -96 -42 -109 79 3 55 -118 -82 -75 
-2 -87 -102 15 -100 117 70 126 68 -51 79 -76 -96 -46 51 -97 
99 -110 70 48 3 67 12 49 -89 -52 10 33 22 59 49 -46 
113 115 -52 -10 -28 -106 12 80 -67 7 25 -99 -20 -101 -37 27 
40 126 50 102 55 90 -12 -73 -1 78 -9 -119 122 -123 -56 2 
30 -19 119 112 -52 -71 -34 -37 -9 -64 -83 -53 -10 -89 48 66 
-57 -88 19 -56 -40 -12 -12 85 -101 -42 -125 124 118 -6 -114 -25 
-124 -114 -104 -54 -115 -46 91 112 -114 55 -66 -28 108 -35 13 48 
71 8 -114 -59 43 -37 6 52 -11 -67 60 -20 61 -25 -56 88 
79 -11 -32 -12 24 -67 31 -16 -11 -25 -66 -125 -47 117 37 -88 
39 -20 -79 -14 92 118 -5 51 65 39 -74 -118 85 -50 -95 41 
7 13 2 -72 23 -121 -5 -127 14 -67 81 102 -118 40 106 46 
-111 36 -111 -88 38 46 -119 20 96 33 36 -72 36 -89 85 -66 
81 -121 24 -42 -50 28 -65 122 -82 11 45 -48 107 71 -72 -15 
15 -121 69 61 -49 74 -21 -16 93 -49 71 58 -76 -52 -87 28 
-63 108 -76 -65 65 27 -17 -127 75 -42 8 -46 -79 100 0 55 
83 -24 36 -104 -115 26 123 113 118 21 -12 55 29 92 104 43 
-49 0 61 58 -107 -116 -74 -77 -20 -115 48 -50 -94 51 74 33 
114 69 -43 58 -39 121 -108 11 38 47 -65 -16 -118 -125 127 -105 
-19 52 0 -23 89 89 -81 96 -117 -101 -101 -41 -43 -127 -73 10 
-34 96 -61 -99 -125 -11 67 -60 -108 -55 -96 105 -124 -108 88 -84 
49 -42 -5 123 41 -63 18 39 94 -118 -93 118 -38 70 -48 36 
-100 56 80 -86 -89 -1 23 61 -60 -55 24 85 -20 -82 65 24 
79 109 -105 75 31 80 -120 81 113 -67 -45 57 -124 -42 -123 13 
-22 14 -123 6 84 102 -72 -112 79 -6 -55 -114 111 -99 18 77 
117 -117 -96 6 119 -10 -48 -117 -30 -38 -30 -30 -64 -7 24 -54 
61 47 -22 -84 -96 34 -114 119 47 31 -50 22 -67 21 -27 102 
118 68 81 73 122 -100 74 104 2 95 76 -120 77 -4 27 -42 
24 23 -90 0 -81 41 -114 -36 23 117 -102 -88 -26 -47 53 83 
-94 43 75 105 -40 -59 63 -25 16 50 -50 63 110 59 -44 -6 
111 17 -99 0 -35 104 13 -80 -118 109 -88 39 -23 -34 56 -17 
-80 -54 -28 21 81 -12 113 -41 -30 76 -33 127 16 37 8 -41 
48 -38 -105 -92 -37 36 -57 -40 -93 50 -117 127 -56 92 49 29 
5 11 82 -87 -64 -104 45 -78 62 81 -31 61 -120 86 104 -118 
-11 7 -26 -107 38 57 111 -89 106 81 -111 23 123 40 -125 73 
-69 36 -59 115 -21 -84 -56 83 -63 118 22 55 -102 103 97 119 
117 68 -39 1 120 -118 69 25 41 85 -68 106 0 -124 78 -68 
85 -73 -93 15 -121 -78 71 20 112 96 -47 125 -52 92 53 -126 
51 -17 -111 108 19 97 97 95 87 -116 -65 -57 -3 -66 75 -80 
-17 41 -7 92 20 -53 -113 45 -55 19 20 -46 -58 -96 84 -53 
124 95 -114 -66 29 -31 70 61 120 -35 49 -122 -109 72 -113 -31 
70 -111 85 -41 66 125 45 -24 101 -56 -70 -7 -41 103 -32 112 
19 -112 -21 -102 32 5 17 25 -87 -15 4 -108 99 -39 104 127 
8 43 -44 -5 68 111 38 -35 36 6 -15 8 47 -89 -26 1 
-69 7 5 17 30 -47 61 -73 -2 99 -61 -53 119 89 -112 -42 
5 -66 46 -30 41 17 -114 105 -38 -127 106 107 -119 115 -65 -120 
-75 -97 -46 23 112 -28 -122 55 -23 -47 115 94 -74 -73 -96 79 
28 44 70 -51 -7 -111 -45 -65 -33 -71 -66 -121 -82 29 -90 -82 
98 -87 99 6 -37 48 28 124 -34 117 16 79 5 -74 -41 -78 
113 -20 57 -125 113 -21 -112 -74 -119 -14 -112 21 -37 -116 20 62 
1 -59 -5 119 -66 109 -37 -120 44 -127 65 -75 -122 -80 -50 -87 
-80 25 125 -25 109 -83 -12 68 -46 125 57 -65 -29 118 53 -32 
86 -98 36 -50 78 14 37 92 -9 -42 44 94 -60 -73 76 -2 
-8 127 0 -74 -44 0 20 0 64 108 -122 -70 85 36 -25 -98 
82 -43 -103 -109 -125 -19 12 -97 -34 77 -126 -124 -75 94 30 30 
75 116 124 -74 80 11 -115 -82 -57 -119 -123 68 90 113 76 0 
5 -53 -115 127 107 66 -58 -35 59 115 -11 89 -2 49 103 61 
47 68 89 -107 20 0 39 -82 -45 24 69 -67 -106 -25 6 -16 
-55 -124 48 54 -116 48 -66 -101 76 63 11 -6 -28 -90 -51 -106 
-106 -96 -81 -102 108 15 -39 126 2 -68 7 76 96 81 -40 -88 
55 60 24 42 32 0 -87 122 -45 -75 44 -109 -106 -42 116 -28 
-66 -64 -16 -113 29 -126 -104 20 127 -19 -12 115 44 115 -88 -16 
16 -56 -100 71 -5 33 -101 -120 103 118 102 77 -27 52 48 -70 
24 -26 46 101 -95 28 7 -80 15 -111 70 -85 -28 85 -49 47 
-95 -25 15 81 -31 -100 82 -120 16 14 -41 -16 25 64 2 -76 
-126 -120 29 124 -19 29 19 -76 -121 -93 -97 -65 94 7 51 -110 
114 -120 100 -122 10 8 -125 -53 92 -54 -65 4 -74 104 -70 87 
-50 30 -97 -28 36 -101 56 -75 30 -79 98 60 -56 73 102 61 
28 81 22 127 -13 -120 82 -8 104 -88 113 -32 62 -9 -117 101 
55 29 8 123 -57 -47 88 45 70 -1 -100 -72 -49 -48 -79 -13 
-118 -38 99 -28 125 127 88 -121 25 54 -87 0 -110 9 -105 89 
-106 119 -94 8 -112 -59 87 -87 -67 108 81 -64 -93 106 -39 -43 
60 -3 72 -67 102 2 -84 -74 -124 42 85 -112 98 70 62 -79 
59 -33 -48 100 85 -124 103 3 -68 -25 73 99 -127 20 96 -84 
10 -85 92 59 -108 116 39 78 83 -30 -87 97 -70 101 -88 107 
-32 -6 62 -114 -117 15 -109 42 -122 -99 -17 56 24 -20 84 53 
-85 -105 -110 -10 102 89 -26 -32 -115 -63 99 -68 75 3 17 120 
-114 -122 -17 112 127 -27 76 -44 -57 123 -53 4 -52 79 0 -59 
-98 64 -70 -119 83 -47 -27 -49 -13 -67 123 -78 79 -127 -19 -3 
5 -30 -30 -122 90 120 83 -116 106 -20 -73 122 50 -36 16 -58 
-68 -83 -49 -38 -119 2 -124 -10 -94 -95 103 -21 123 33 -83 -94 
-20 113 67 -74 -87 -97 -85 -20 -46 58 69 -4 -70 68 -44 -86 
-29 81 -43 24 -73 104 19 -114 83 -29 110 66 73 -44 37 -30 
0 88 -127 -90 -108 -17 41 67 8 -95 -77 53 123 -11 -3 -58 
95 -42 32 -105 94 -83 -29 -81 104 -86 -59 -33 52 70 94 -72 
-112 -37 -55 54 -102 18 -73 -57 -7 102 4 -117 -63 -100 118 -39 
89 37 103 -28 95 -70 31 123 -121 -103 -33 -70 108 15 -76 -91 
-108 38 92 -117 71 -21 -119 -80 75 58 -25 48 63 -45 0 115 
89 57 25 -7 68 -78 -53 49 -121 -112 73 -67 54 43 -126 92 
67 -126 -122 92 101 -12 -88 -83 -16 48 14 64 -111 67 -58 78 
82 -56 83 -126 117 73 3 84 70 -26 8 32 -93 89 -113 -114 
109 124 31 -56 -126 127 -81 35 4 -93 116 -53 5 63 112 74 
-5 11 -11 -5 -60 -38 -61 -36 81 -48 -56 -67 119 -109 3 -96 
-5 -72 -57 26 -28 -105 -38 113 -6 85 -57 127 120 123 119 3 
-81 124 -113 83 66 -112 78 125 121 56 -8 37 127 116 113 50 
48 -80 71 -55 -96 -92 -50 88 -105 -27 -105 -83 -1 22 -114 -36 
70 6 -35 8 40 107 -95 14 32 49 0 -62 -84 117 56 -60 
-10 -5 124 -106 103 -74 65 52 64 -99 -123 82 51 21 79 113 
12 122 114 121 20 -114 -89 33 -82 -23 112 91 -99 69 103 80 
114 114 59 -51 -25 -16 52 -106 -61 110 112 -52 -78 9 -70 -69 
-37 84 -116 -112 15 39 66 115 22 47 -41 -37 -122 121 2 -103 
-100 -91 22 56 -90 -31 34 -67 25 -42 36 20 12 -97 92 -38 
-87 66 88 -72 -12 21 -40 -26 39 111 32 96 -122 10 4 94 
-13 64 61 -5 -33 -93 -24 1 96 61 -54 -111 -80 65 -86 81 
71 -82 -43 -11 2 68 -105 -97 -100 52 -24 -100 79 -96 82 81 
-74 27 -34 -45 74 -51 -56 17 -33 18 61 46 109 -115 1 115 
104 3 -80 -43 12 60 -46 82 84 120 33 10 117 99 -87 -26 
121 -103 -62 8 48 5 -41 101 -78 -64 -115 108 71 -61 -42 15 
-64 83 44 -80 -44 -85 -64 -106 104 -16 84 80 -93 86 -113 111 
65 117 47 -70 -80 76 69 13 -95 -72 -9 -73 87 95 -45 44 
-74 42 64 -85 -65 -109 112 119 -13 45 51 -103 115 -67 -111 -57 
112 122 -7 -41 50 61 -65 107 -25 -83 -70 87 103 32 -84 -76 
84 60 113 0 -82 -90 -14 12 125 31 120 114 -34 -39 4 36 
-61 -21 93 -55 127 -107 -54 84 101 -101 101 29 109 109 46 112 
-120 -114 -114 99 13 -94 -74 -113 -20 -75 12 -51 71 18 10 10 
-8 -71 -115 -21 -97 -125 -79 119 -86 0 43 -72 -70 58 -48 125 
26 -118 -115 31 -20 -104 102 119 108 74 -62 -123 -18 -113 26 -6 
98 123 -95 -17 -104 44 12 120 -89 92 -4 -34 70 -14 27 118 
119 -9 -77 -28 20 -68 -117 -99 -57 110 126 123 33 -4 78 27 
15 -51 116 124 126 72 125 10 -25 62 -117 -23 59 6 -120 1 
95 -96 -69 -35 25 69 24 -103 -126 53 -86 -27 4 -84 51 15 
-8 -107 -5 -2 96 -127 60 -63 -95 -92 -83 -108 -8 -54 -48 32 
58 17 -76 -102 82 126 -67 23 -111 -106 -101 62 60 -29 124 -86 
69 -26 62 -123 -72 13 -119 -46 -74 -98 80 -77 116 94 -99 100 
-108 -82 -76 -76 100 -99 -105 -50 49 109 45 71 -37 37 -38 53 
-28 -111 82 -29 -83 124 -102 -45 -96 40 -77 42 -54 -51 -71 -104 
28 51 -123 34 -38 102 -126 -20 24 32 123 -39 -8 -15 73 -65 
-110 -106 56 102 96 85 -44 38 -45 -65 -9 -58 14 -47 39 26 
13 -58 76 -47 30 95 89 -76 -126 -43 57 -114 -126 -45 -2 36 
123 -109 15 -59 -92 -75 -87 72 107 -59 -95 -23 -104 -118 87 2 
-15 -24 48 18 1 -71 1 52 -42 -124 120 43 109 -85 98 -59 
64 100 100 81 -107 115 15 -58 -5 94 63 16 72 108 -18 -112 
75 -69 45 92 102 -115 62 50 -34 26 -84 -76 97 -61 60 47 
57 -56 10 -113 24 -98 115 54 -77 0 -11 -111 26 -77 -40 -106 
-93 39 -10 -124 47 61 -72 64 0 -72 -101 56 -81 51 94 27 
96 -41 89 28 125 -9 32 -20 51 -78 -100 89 -122 -38 107 18 
-85 -13 98 -12 29 -23 80 49 -56 -52 19 -43 18 67 121 95 
2 -39 -79 -17 -37 -56 49 82 96 121 101 -75 -12 122 7 21 
-75 19 -47 -113 -48 116 92 42 0 67 -36 -62 -8 -5 -17 -47 
53 78 110 -82 -93 -61 -80 -107 -60 118 117 -32 -66 -68 -106 114 
-117 77 -38 -40 20 -100 51 60 -122 -8 95 66 57 25 68 -19 
-38 86 -95 -85 -19 42 76 -119 -79 -124 58 102 -100 113 117 13 
68 -74 29 32 101 -71 -103 73 87 56 -118 -109 -80 -62 25 12 
-100 62 116 42 44 64 -102 86 98 -99 103 -9 -54 81 44 87 
28 105 1 -71 -103 -2 71 37 -40 49 -26 5 -69 -10 -31 -55 
49 43 -32 -89 -30 96 -114 -82 44 -69 89 -90 -42 67 14 -79 
-35 127 -63 -112 -82 68 87 -33 -38 -14 -89 17 -41 14 -66 -16 
-3 -36 -43 48 4 -97 -36 52 -78 -96 -74 42 -122 -62 91 50 
116 -17 -96 63 78 100 47 -102 -127 -8 72 -86 -96 110 61 -18 
-14 103 62 -119 15 27 -50 51 19 16 46 -29 -49 -122 56 91 
77 -61 61 106 -51 37 63 -87 -56 66 34 -81 -115 -86 -77 62 
-45 80 -61 -63 93 -124 -52 106 -3 44 26 119 58 35 -50 -124 
26 -50 66 86 64 65 115 38 -8 107 4 -56 -92 -90 -102 -82 
-84 22 -123 120 -60 32 112 3 110 39 45 124 -76 -62 18 17 
-103 -76 -34 5 -102 127 113 75 -85 67 88 68 57 -63 28 59 
-35 -33 -106 119 4 -119 26 108 92 -7 -117 -26 103 -56 -68 -27 
57 13 36 -87 54 52 93 -33 126 118 -124 74 47 -106 120 -111 
39 -104 -99 -3 -21 22 84 -44 19 -27 -82 38 46 112 -65 105 
-101 31 107 0 -121 47 127 70 43 92 84 -124 68 -20 60 80 
77 94 9 5 76 -79 -22 -37 9 -29 -69 111 51 -18 101 118 
16 -52 38 -11 121 102 -121 -126 -83 -47 19 -74 -96 -117 -77 -91 
118 16 -94 126 42 19 63 69 -47 108 -92 19 -60 127 -58 105 
-52 -123 54 -51 -82 9 -54 34 -43 -25 91 -8 10 -127 60 26 
29 47 76 95 127 41 15 -92 -72 123 23 88 106 -3 -7 -46 
