1000
49 53 5 33 62
51 38 61 45 27
17 36 17 12 32
18 39 12 9 42
60 12 45 55 40
26 61 56 33 7
1 11 51 0 63
42 31 41 8 24
28 30 18 57 11
10 40 62 13 38
37 15 42 26 36
56 11 49 40 30
37 23 24 23 4
33 60 8 11 16
19 4 10 50 35
30 27 53 35 57
63 45 10 41 14
62 42 24 31 2
34 14 28 47 21
42 54 7 12 18
28 5 9 3 15
24 15 50 11 47
14 4 2 24 23
15 61 26 7 2
54 12 33 8 28
9 38 44 55 23
7 59 5 12 50
25 33 45 60 21
26 7 20 20 43
32 15 56 22 1
60 52 39 45 49
32 19 1 58 10
42 5 35 17 30
61 45 36 45 16
39 49 53 10 0
24 42 20 30 28
57 48 53 4 51
53 5 21 57 8
33 20 57 62 0
4 63 41 39 59
6 53 24 10 16
1 51 53 40 0
27 1 0 12 24
15 25 38 35 23
12 60 50 10 2
35 57 14 32 17
44 14 19 35 2
5 5 26 33 40
46 5 63 58 55
47 22 26 48 37
1 17 19 34 42
43 47 11 43 4
5 34 20 19 37
46 50 16 37 14
61 30 6 39 22
9 38 51 42 38
53 13 12 61 60
43 43 15 61 14
63 54 4 38 42
19 21 48 11 8
10 25 28 7 49
1 12 50 37 57
62 27 54 10 47
28 33 21 55 24
45 14 8 3 57
25 15 63 50 32
26 5 27 18 13
25 58 48 46 19
13 62 18 51 54
63 41 63 63 25
28 1 43 40 41
4 18 32 19 48
37 60 8 10 5
8 28 16 5 38
1 57 42 20 19
58 47 48 4 11
9 54 26 37 53
61 49 29 2 0
23 38 32 42 8
63 33 38 52 49
49 7 20 16 30
36 42 7 4 61
53 18 62 10 19
45 52 4 59 49
58 6 12 60 19
2 4 16 41 13
44 24 49 62 14
7 59 43 15 37
16 49 37 15 24
4 50 56 47 24
58 45 9 5 5
62 32 3 27 29
11 53 39 14 18
54 54 10 13 53
8 12 53 19 3
57 55 53 3 63
41 32 10 45 9
15 45 3 44 44
22 1 29 46 9
18 26 0 26 15
0 37 47 3 29
18 23 58 14 61
44 33 16 3 26
46 42 60 37 37
41 23 10 13 39
20 48 18 16 28
40 31 30 23 37
47 53 5 16 2
50 9 9 16 53
38 53 18 54 38
45 10 31 56 47
7 48 52 1 53
41 56 26 47 37
60 11 23 13 35
14 19 57 51 23
53 55 22 31 58
43 18 45 59 11
61 26 37 0 57
59 0 27 38 14
38 19 54 60 11
63 29 51 35 2
15 34 5 0 32
50 50 56 13 32
45 36 25 10 4
9 33 39 43 15
31 20 8 53 37
36 17 26 13 52
51 35 37 56 47
17 20 15 15 48
51 59 17 38 45
60 53 27 61 62
40 63 7 56 38
18 63 6 27 3
45 60 50 1 8
10 50 0 46 5
14 0 34 37 29
18 36 24 13 55
58 42 49 21 42
53 55 18 57 18
40 16 26 23 56
44 49 54 62 49
28 25 56 26 6
49 4 29 10 23
46 7 22 29 38
11 36 45 52 58
6 55 58 62 32
60 27 43 34 5
5 6 20 44 0
37 0 17 8 54
28 50 28 58 24
43 13 10 40 41
58 41 32 3 5
24 47 10 26 44
24 25 32 38 39
49 32 61 44 30
5 39 9 1 58
63 56 6 52 63
58 56 15 10 10
30 12 19 52 27
56 9 54 50 5
23 31 62 28 16
35 45 40 55 13
36 25 37 56 59
33 34 29 2 15
12 22 53 31 27
36 0 54 6 15
49 34 15 45 29
36 28 30 8 39
41 29 47 61 36
21 17 1 41 46
3 16 50 19 22
9 17 26 63 27
30 16 29 49 45
16 63 13 3 45
62 58 39 1 28
20 63 61 40 10
33 17 51 24 40
37 49 7 26 4
40 31 43 56 28
33 44 20 39 2
45 7 19 45 2
62 7 3 30 5
1 28 41 8 7
44 54 17 27 57
55 18 45 39 22
42 52 48 1 52
33 59 5 15 52
49 21 0 17 18
10 42 30 22 31
2 21 21 10 54
13 58 19 5 32
43 48 3 4 63
11 45 37 19 58
30 45 20 51 43
34 63 50 1 39
36 60 4 33 4
58 50 15 51 44
63 6 2 34 4
32 37 26 43 49
32 26 14 42 31
45 20 19 42 1
6 19 44 46 37
37 41 63 51 55
21 0 18 5 56
16 43 1 61 32
24 8 54 35 22
21 8 20 14 49
55 34 39 36 1
54 35 33 40 43
24 55 18 0 19
49 46 59 4 52
29 2 46 20 24
45 63 2 31 30
35 23 53 9 57
30 57 12 24 21
56 8 54 50 34
32 55 45 41 11
39 3 63 1 32
25 50 49 55 49
4 59 45 16 35
41 3 50 60 17
5 10 44 46 0
8 24 14 60 5
40 3 40 50 16
35 52 18 18 51
39 7 20 16 17
61 5 5 49 23
44 10 10 22 33
25 33 41 32 33
58 19 57 19 4
22 4 40 9 24
58 30 58 20 42
17 60 7 10 43
0 10 13 54 45
57 42 48 46 15
17 40 2 23 16
2 43 24 5 52
7 39 49 6 21
45 9 52 6 56
45 32 39 58 52
23 3 58 33 24
49 8 45 12 15
3 44 2 22 51
1 41 58 63 60
10 6 51 33 3
12 10 42 45 12
60 4 19 36 4
0 48 43 20 18
20 22 20 31 42
3 61 50 5 28
30 36 42 21 30
45 28 20 53 59
46 17 49 1 20
0 49 22 19 2
3 41 0 4 6
14 18 19 48 3
53 55 42 31 17
46 27 51 9 16
52 44 12 55 55
31 60 48 28 50
30 61 50 8 32
35 47 2 60 30
35 5 41 50 13
6 18 50 3 53
50 55 13 58 59
20 21 43 60 52
20 36 14 47 44
18 45 60 6 25
32 22 41 37 48
5 37 55 4 52
34 48 26 44 17
16 14 45 21 3
55 50 59 9 9
54 17 21 19 26
21 29 3 17 63
45 36 42 15 52
33 20 43 42 18
48 39 30 48 44
49 60 39 52 52
12 19 18 0 13
26 14 34 21 48
10 4 1 14 46
61 40 13 57 47
32 62 29 20 9
21 3 21 52 26
56 51 33 2 17
49 21 56 6 48
11 51 42 29 58
5 61 13 34 62
50 60 33 23 29
46 20 38 18 58
8 8 61 50 52
11 33 61 29 14
37 18 46 12 17
7 17 25 0 4
51 62 13 60 44
43 12 0 30 29
63 39 35 28 1
63 45 43 11 9
39 54 28 47 48
18 29 36 25 61
45 36 49 16 15
51 45 60 29 47
45 55 35 45 51
36 13 61 37 15
57 19 44 31 23
43 63 29 14 49
49 59 59 28 51
39 62 29 40 0
11 60 40 50 29
55 6 5 52 11
33 25 41 22 14
23 46 3 29 5
1 48 0 16 14
25 10 59 25 0
53 8 22 29 29
53 48 60 0 55
26 48 5 34 3
44 47 43 58 17
11 32 13 13 34
3 18 17 48 26
40 25 53 15 13
60 15 57 60 22
58 43 16 53 32
48 10 42 29 58
31 44 61 52 3
57 0 51 57 28
54 30 32 61 60
18 29 56 36 46
62 19 11 24 38
15 7 19 43 4
42 20 59 49 24
52 63 24 21 50
6 43 24 41 23
55 19 63 27 56
4 31 62 40 25
0 5 7 17 31
56 28 13 54 36
43 63 24 20 47
45 56 50 56 40
59 8 18 28 14
19 50 59 26 47
5 2 51 26 11
52 52 26 0 17
62 39 48 8 10
63 1 26 53 46
39 10 2 30 3
47 19 59 33 14
57 35 28 48 49
43 29 33 11 5
19 40 62 8 61
55 40 49 3 14
55 17 18 3 15
55 31 4 34 33
49 14 44 37 47
24 7 43 1 20
63 2 33 42 17
44 12 53 8 32
13 9 16 62 4
28 44 12 27 22
29 51 25 56 44
20 34 44 25 27
59 40 16 35 0
10 41 39 41 4
10 1 37 14 21
35 25 44 57 11
53 52 15 10 59
41 22 37 30 55
36 4 2 1 34
9 40 40 36 6
31 17 33 7 49
53 35 28 32 40
62 57 15 54 47
21 6 29 61 49
3 30 10 39 12
23 16 56 1 46
52 15 31 63 36
34 51 55 60 7
21 45 25 31 19
28 38 18 23 32
3 23 29 53 20
31 16 21 31 38
2 58 25 7 52
21 48 49 27 49
63 13 16 11 1
10 1 31 50 57
35 52 44 50 33
9 20 31 26 5
6 8 57 31 57
17 37 1 18 44
45 46 38 32 17
2 61 25 50 43
60 38 56 17 60
37 42 44 48 50
51 38 30 24 55
27 33 21 17 60
43 33 55 38 58
6 24 32 58 8
2 25 13 32 0
27 23 22 46 34
1 2 2 21 39
30 50 63 46 45
11 55 14 3 22
1 34 45 26 49
25 40 23 22 63
19 52 29 0 6
55 4 17 10 53
39 42 24 7 43
17 40 35 62 61
42 34 9 58 20
13 33 51 57 53
20 53 16 14 14
23 61 37 12 54
33 35 14 45 9
1 5 1 17 15
52 49 61 3 40
17 10 50 28 6
26 52 3 6 51
16 38 52 51 7
57 18 16 26 21
11 60 36 34 32
27 51 1 6 8
1 36 19 18 17
14 42 0 41 18
42 8 11 47 26
32 57 42 62 60
10 10 40 56 49
51 61 54 9 28
18 51 40 18 9
18 19 4 49 14
8 34 38 45 61
51 40 59 44 29
4 49 46 43 0
31 9 60 14 47
55 31 3 14 5
45 5 46 23 43
34 62 61 53 0
30 61 44 20 5
61 21 49 36 61
27 3 58 22 56
40 41 55 18 54
50 30 47 48 37
30 27 32 30 47
58 30 43 18 41
31 18 32 22 14
57 61 26 23 45
31 11 63 26 37
49 34 25 45 52
40 2 5 24 25
20 58 10 32 36
62 53 40 49 6
14 7 42 20 34
56 39 53 61 47
28 11 10 11 2
42 12 30 2 5
12 39 11 50 16
25 35 37 20 23
28 17 16 29 33
63 38 18 34 26
10 17 52 23 25
2 44 61 16 34
10 35 28 0 18
26 0 53 16 18
62 5 40 28 22
58 40 56 29 35
24 12 44 62 34
45 36 27 36 50
8 22 48 14 12
17 58 18 54 33
24 22 8 33 56
41 48 6 44 49
49 16 19 4 39
56 53 26 59 26
50 11 12 51 15
59 21 4 25 29
30 12 48 52 8
27 25 27 62 11
24 12 16 24 55
50 33 60 3 44
44 26 4 25 56
27 27 0 18 30
58 60 11 35 37
50 42 38 11 15
63 47 11 29 17
52 30 2 62 36
18 47 18 14 41
40 9 46 24 25
37 54 48 50 4
18 56 9 36 19
24 62 44 19 19
54 33 27 14 20
17 56 54 22 4
38 60 10 46 12
12 63 31 5 3
11 59 33 32 48
20 30 15 20 63
31 1 28 18 18
19 22 8 13 35
12 34 59 33 53
5 9 18 57 7
44 42 32 52 49
2 37 30 27 11
18 31 27 57 40
1 32 53 16 42
49 25 38 12 56
34 30 33 39 10
47 18 57 3 49
57 6 36 54 59
24 20 0 34 13
49 32 25 62 60
33 51 16 63 34
22 1 26 43 33
13 3 55 39 41
24 42 52 16 15
31 45 60 56 22
45 54 55 52 46
13 11 57 16 12
1 49 61 30 50
12 53 7 37 21
38 35 15 43 0
18 0 11 43 43
57 25 31 47 59
33 21 57 51 1
13 0 13 42 26
39 14 38 11 13
36 7 31 14 21
56 21 21 59 33
21 56 3 48 2
15 12 39 10 48
26 32 49 29 59
47 23 54 1 53
29 36 44 40 60
59 32 44 34 20
23 28 59 41 2
47 60 36 31 2
13 58 23 25 49
42 17 4 62 52
59 56 47 1 25
26 8 62 16 11
51 35 26 10 54
2 61 43 0 25
37 53 57 36 8
4 11 44 48 52
48 29 36 62 51
0 55 36 62 19
51 55 50 38 60
47 38 53 21 44
4 54 56 56 39
8 29 42 29 48
3 43 19 23 63
8 12 22 4 29
22 1 55 55 22
37 50 56 39 4
20 61 20 13 14
60 36 39 38 50
4 34 42 59 8
7 37 28 58 39
26 48 8 54 5
5 11 47 0 37
39 7 0 4 5
19 21 60 10 17
2 17 13 9 8
14 25 12 62 55
10 14 60 57 21
13 17 47 54 16
10 4 31 12 48
47 41 50 39 30
11 19 51 46 36
45 47 2 1 0
18 32 26 17 23
14 62 61 16 35
33 17 5 22 44
41 25 12 63 18
32 41 24 14 31
45 51 13 35 49
45 4 42 29 50
4 53 34 20 33
5 34 10 42 53
0 34 29 22 32
47 14 21 63 25
9 52 36 5 33
0 3 20 42 22
51 29 25 4 24
58 57 42 44 46
14 2 53 46 23
61 29 49 1 24
63 52 50 20 19
54 48 56 27 32
8 20 0 38 23
12 19 32 22 50
32 53 41 54 62
59 15 32 40 32
32 36 48 2 63
25 54 34 52 4
2 53 10 35 3
3 63 49 44 60
56 60 23 3 45
26 39 55 8 28
12 21 58 16 63
40 56 19 62 32
62 43 28 5 46
33 50 12 39 16
17 18 8 43 24
5 3 62 60 9
6 17 59 17 33
10 38 45 16 59
47 5 42 13 12
14 39 39 46 23
0 60 51 51 27
11 53 34 62 55
63 48 18 54 26
54 24 34 9 17
59 41 46 37 57
43 31 20 59 16
43 28 63 19 12
56 40 22 11 40
20 34 45 14 14
48 41 41 39 42
0 24 38 23 21
20 60 30 10 33
13 6 48 11 50
59 62 18 18 7
14 19 15 51 12
36 10 12 27 38
51 22 57 34 43
22 51 33 22 20
10 27 45 58 11
42 54 38 58 7
17 44 22 63 28
29 8 16 56 55
12 46 28 15 41
17 25 30 40 63
43 61 34 37 2
23 34 25 14 39
56 22 14 6 58
48 53 40 43 29
42 63 18 3 61
17 0 10 2 17
14 7 41 39 24
8 6 29 22 46
49 47 53 26 50
5 28 0 57 1
53 19 25 8 16
40 35 37 57 43
52 62 42 34 38
56 42 51 42 51
35 1 27 59 38
51 54 16 22 61
24 21 24 9 34
20 23 62 15 61
31 55 23 14 6
4 11 12 17 18
26 45 46 12 12
48 62 16 42 26
28 56 36 12 17
53 12 24 16 22
34 35 41 21 57
43 12 11 50 1
7 24 43 55 31
42 54 15 42 8
61 63 38 31 49
7 44 42 21 11
35 58 0 20 18
43 58 8 49 34
59 36 3 51 3
58 14 16 38 42
38 19 62 56 0
41 19 53 3 38
22 20 10 53 57
17 53 43 16 46
21 10 11 31 14
25 61 24 3 48
42 33 45 32 56
4 39 57 55 28
60 1 50 43 27
44 37 20 22 35
25 15 45 48 19
38 32 21 51 3
9 23 49 52 10
9 31 8 27 41
57 12 21 20 6
56 33 27 7 63
9 2 6 24 21
63 25 37 11 19
47 0 42 39 28
38 1 52 45 9
42 35 44 12 38
19 45 4 1 51
1 55 29 55 59
37 0 22 58 8
1 5 11 16 50
49 22 28 13 3
5 50 51 36 21
48 3 40 53 25
45 31 4 53 63
6 25 43 58 23
25 27 4 25 15
37 41 42 39 18
23 53 35 7 48
14 63 20 48 28
52 49 16 56 46
5 29 27 51 62
28 10 14 19 21
38 3 40 14 16
23 53 32 1 46
17 5 27 56 34
53 7 31 34 24
43 13 34 62 47
37 7 33 13 45
36 24 43 29 30
25 24 48 15 32
21 44 50 3 5
55 14 32 25 38
10 13 54 45 22
18 15 36 37 22
62 37 31 30 9
61 24 45 54 34
41 13 17 59 44
16 8 58 51 61
40 39 61 18 36
5 52 8 59 22
8 14 50 29 37
13 54 37 3 6
51 52 47 29 31
20 13 14 18 37
45 62 31 55 19
23 43 23 2 42
19 13 40 31 13
13 61 63 36 42
11 26 5 51 33
43 28 43 33 8
57 16 4 12 56
35 42 32 56 2
43 41 31 45 46
45 48 25 2 50
39 51 2 15 40
3 55 18 11 16
6 37 25 46 31
10 28 55 40 36
2 8 58 35 48
27 20 57 1 20
0 21 6 11 47
6 28 28 63 32
39 47 40 63 6
31 16 27 29 12
17 13 5 11 55
58 57 50 1 40
26 16 38 37 51
6 58 31 50 33
39 15 40 32 34
57 57 13 39 41
9 55 43 0 13
42 13 25 0 2
2 39 59 14 2
63 30 35 38 33
25 51 57 61 39
42 1 37 13 43
11 19 49 58 33
44 35 28 23 58
59 33 60 12 10
22 6 32 46 42
46 7 49 43 22
36 60 5 38 40
34 40 9 44 2
57 22 45 37 33
62 0 57 20 31
44 29 14 6 48
56 48 4 41 3
1 58 32 27 22
59 13 51 7 33
13 17 7 1 32
54 36 8 42 61
43 33 42 29 6
30 56 2 48 40
5 25 14 31 3
40 19 30 63 63
55 23 57 33 22
4 46 37 43 35
29 50 0 7 12
17 42 21 2 5
20 19 10 17 19
23 52 49 2 47
36 44 2 30 1
47 47 43 11 47
46 8 52 24 46
32 19 27 23 17
14 40 12 21 45
32 59 33 57 23
50 53 46 12 40
19 33 22 43 57
10 47 47 34 45
19 52 26 25 20
58 54 31 0 46
17 3 56 52 12
6 49 37 25 55
0 29 51 62 63
54 51 51 7 39
22 21 41 15 57
20 49 29 16 32
2 58 40 61 44
28 39 3 62 17
34 26 47 1 36
55 29 0 28 49
17 32 25 16 49
61 46 60 17 3
50 54 44 39 18
37 63 33 50 30
59 25 23 63 58
4 52 25 37 54
13 39 34 20 19
26 39 16 20 44
26 20 7 13 16
32 36 36 23 7
35 47 13 52 33
42 33 13 7 3
43 54 61 40 29
15 54 53 10 32
44 19 5 1 16
49 46 3 47 42
51 14 13 24 27
41 51 18 5 10
4 45 26 52 14
52 26 43 11 13
17 34 30 21 27
49 55 25 26 1
35 53 27 13 46
42 32 29 63 27
6 13 33 55 12
4 12 41 42 14
36 12 30 38 8
12 50 61 19 41
28 16 30 17 5
6 59 61 30 54
31 27 12 42 22
37 13 57 57 25
60 33 61 24 57
20 27 51 44 55
33 49 21 16 62
14 30 44 35 0
39 57 27 50 28
37 40 3 46 4
54 3 2 6 6
52 38 57 42 3
48 13 53 35 5
43 5 7 44 15
1 12 4 27 52
35 12 13 23 15
19 30 29 61 33
51 26 6 62 9
29 16 50 58 8
31 29 15 19 55
62 53 32 24 4
49 19 63 17 6
39 49 61 58 53
42 29 8 38 30
43 38 30 55 34
37 48 41 40 26
12 38 38 24 13
31 52 20 40 27
53 59 31 35 46
50 8 60 56 12
21 15 34 33 1
49 50 25 3 20
7 53 54 42 54
48 5 34 60 1
11 4 19 30 21
42 54 17 37 62
31 9 34 18 24
31 17 1 3 56
35 38 2 48 59
21 4 21 1 51
45 11 40 3 59
29 33 48 7 55
57 62 21 27 14
12 27 51 41 35
29 7 40 35 11
23 13 58 2 61
45 32 55 22 4
22 20 55 25 38
6 6 29 3 47
32 58 36 35 42
47 16 8 56 14
12 19 21 43 53
27 32 45 45 32
1 8 53 14 53
58 9 12 58 18
48 23 52 4 44
54 35 36 18 10
56 40 24 5 28
56 52 17 4 25
36 26 33 7 46
36 49 16 4 24
38 26 57 37 0
5 54 55 1 21
13 46 53 29 34
51 45 19 11 41
27 5 50 48 35
42 24 30 4 62
31 26 35 20 23
57 29 5 10 29
50 50 54 3 18
36 39 5 26 38
62 48 14 44 11
58 46 28 5 12
45 59 24 39 37
12 0 8 55 25
63 26 62 51 60
20 19 0 58 9
52 40 22 10 43
58 24 62 53 6
20 32 37 37 55
0 63 8 60 37
59 46 61 8 39
26 53 59 45 56
18 61 46 8 32
26 17 36 10 22
0 58 61 35 23
0 55 45 38 55
6 4 5 31 54
11 5 48 60 26
14 34 2 22 60
6 8 2 32 18
56 20 27 30 28
2 7 57 62 42
19 9 7 6 7
29 51 33 1 63
33 12 19 10 47
40 25 27 38 31
20 23 45 8 12
36 53 54 32 19
14 47 50 15 23
6 52 3 34 40
30 2 7 4 2
29 41 14 11 36
32 59 7 13 54
29 33 34 14 17
15 47 46 34 46
6 8 52 37 46
35 0 17 62 42
28 26 9 54 44
9 20 22 29 11
36 48 7 45 27
59 25 59 13 56
25 44 40 43 3
54 13 40 49 54
47 30 16 47 48
49 36 24 26 8
48 26 23 24 6
43 48 8 13 5
46 19 21 45 59
53 43 38 37 41
54 21 57 17 59
17 52 45 40 15
3 18 45 41 26
15 37 46 6 12
56 29 2 58 60
8 30 9 26 26
25 45 47 0 38
35 1 43 7 44
21 52 10 55 18
58 60 40 1 47
2 10 59 62 0
31 7 13 48 12
52 16 61 38 49
0 4 27 21 22
59 22 57 24 1
5 60 62 49 34
58 43 12 21 5
57 62 61 34 54
28 5 4 41 48
62 30 2 25 42
24 19 37 23 55
13 32 49 27 8
47 50 19 52 62
13 33 54 45 46
51 45 52 33 0
26 58 46 27 11
40 1 48 53 26
54 31 53 40 14
2 26 38 9 27
38 10 26 20 30
55 41 37 20 30
63 0 16 62 8
0 39 56 34 25
17 43 39 17 23
41 51 37 44 57
61 53 22 58 26
33 53 55 62 7
43 62 43 6 41
63 46 56 8 11
36 37 55 43 58
14 44 57 52 4
50 44 0 45 2
60 54 28 7 39
24 27 14 51 15
6 33 40 43 6
57 19 2 52 32
61 34 28 37 20
31 25 62 31 31
34 44 24 41 19
