010001010010000011000011010011
001100111010010010100110111111
110001010010111000110111101101
110101010010001000000001010111
010000100100000011000101000111
110010010101010011111000110001
010111001100001110010111001101
000011010010000010000001010010
000110000100011011000101011011
100110101000111000001101000101
000101010000000100000011010000
110001111000000100010001101011
110000000001011000100010010110
011110000110001000000111011110
010011011000011000010011010011
010011100010100001000111000010
001011001100011010011010001101
000010000100101010010101101100
010101010101010101000000000000
101011011011100100100110101111
000011110000110100110100110010
100111010001110111110101100110
101011010110110010011111111011
011100111111101011000111001100
010100010101010101010101010110
010000100100000110001110011000
010010010010010010011111011111
010001010000011101011101010010
100011000011100101111000010010
011000101000100101100011111000
010111010111010000010000010000
100011110000000011001000010111
000111110111000011001000101000
000110010101000110010101000110
100011000110110100010001011000
000100000100000001000100000001
000011001011000100001001111000
101011000010100000100001001101
010000010000010101010101010101
010101010101011001011010011011
010011111000110101110010010111
110001110110100110000000100010
000111110111000010011100100001
110000010101101001010100001011
110110101011001111000100001101
100011111001000101001100011110
011001001110001110011001001110
010001011000010110110100110110
011010011011011010011101011100
110101100111010011000111010001
000110010000010010000110010001
001011001010001010001010001011
000001111010111101110111001100
110000100111101101001011000001
000000111111101010101101010001
001000010010001001010010000111
011000000001011001000001010111
001101000010001110001111000010
001001100011011100100010110000
001011001000001000001011001011
100110100101001010100111000000
001011101100000011000111111000
000100010000000100010010010001
011011011011010110011011010110
001110010001001101010001001111
000101011101000101000101011101
011001000100000100011000011010
100100010101100001100110010010
000100000100010010010010000100
011001011000011010011101011101
011111000101100001000101100000
010101000110001101100011000110
011001000101000101011010011011
101101111111001110100011110011
001101001100001011001010001010
001101000011000000000110000110
001001011010011000001001011001
011011011011010000010001001111
111111100001000100001001110000
100000010100111001110101010001
010011010011001000001000001000
001100011000001100010111010110
010011010011010011010011010011
000111000101000110001010100110
010010000001000101110110100100
110101011000110000010100011000
110100010111000010010001110111
010100111000100110010001100001
110001100110001100110111011101
110000100011010010110101000001
100010110001100010000101100101
010000001100001100010000010000
001111001101001111001110001111
010110010001110001010101100101
100101010010000000110110110110
000011111111011001111110101001
001100111000011101000101111001
110100000111111001101011001111
001011001001001010001000001000
011000011110011000011000011110
001000010111011000001000011001
000010000010000010001000001000
000110000111010011010011001000
011001001100011010001100011000
001000001000001000011110011110
100110100001000000100110110101
100010010001100110110100000010
110110100010010100111100011111
010011011010111110011000001101
011000011011000101001011010010
001010011100001010001010011100
001011011111011111001011011111
010111000101100001010100110011
000001001000010001001111100110
010111000011100001000001100010
011000011010011010011000011000
000001011100000010000000011100
001001011000011000001001011000
001000001001000111011000011000
010111010110010110010111010111
000101010100000001100001000010
010010000100000100010010000100
001010011110001010100000011111
001111001111001111001110001110
010100010011010011010010010011
000010000011000111000111000001
100000000101100110010001101101
111110011000010111101101010101
010011110000000100100011000011
000111000110000101000101001000
000100000110011100000101011100
010010001100001101001011010010
001011001101001110101100101010
100000101100110101001011011100
101100100011100000010100000010
000101010001010110000111000101
000011010000010010110111000000
010001000100110101110101100011
001111010001010101010000010101
011110011101010000011111010000
010101100100110011100011101000
010011010011010111010111010111
010100010100011010010100011010
010010110001111101111010100001
000011000011000011000011000011
000110000101000110000101000110
110011000111000011010111110110
100101100000100111100011000111
010011010010010001000000000000
001010010010001010001010010010
100001100100110010000110010111
101111100111000111000010101110
110111110111100101110010100000
000110010100000101010100000100
011110010000011110010000010000
111011111110111111101011000111
011000011001010111011010011010
101101111110101010111000000110
001101001110001100010101010101
000000000000000000010111010111
000101011100011101000101011011
001000110100110111001111110110
001001110000111010011101111100
000101000101000011000011000011
110101110011110100010110010000
001011001011001010001010001011
010101110010000111100011000101
001001001010000000001000000000
010101010010110101001101011010
110111111000110011111000000100
001001011101011101011101001001
010101011000111000010101100110
010101000100010101010101000100
110101101111111100011010110001
011000011001001111001111011010
100110010000010110000011100101
110101010110110001110111100110
010010100110110111000111000111
000001011001000001011001000001
010101010101010101011001011001
000011000110110010010101000010
010111010110000011000011100000
001101000101000011000100001101
000011010100000101000100010100
101100101101101010100000111110
001101000111000110010101100010
001000001011001010001001001011
010000101000010111010111010000
101011001011011100101101111011
100001111000010001010010110101
001110000110001011011110111011
010000000000010001100100010110
001000000010110110010000010100
000101000010000100000101000011
000011000011000001000001000001
010011110101000001100101000011
010101010101001001001001001001
110111000101000000011000100100
001000001000000101000111000110
110100000001100110100101000010
000001010001010001010001000001
010100010101011111011111010011
101101101011011100011001010010
100010110100011000100011010101
000011000101000100011110011110
010101001000111000010101001000
011100011010011010011100011100
100001100010111000000110100011
110101100110000111110011100000
000010000010001011001010001001
010010010101010101010101010010
101101110111111000010101111011
001001001010001011000100000100
010010011010010010011011011100
001111000010000011000001001111
111111000101100000011100011100
000101011101000101011101000101
001010110110101101111111110110
001100110000000001101001011011
011110011111011110011111011111
111110010000100110010110100100
010011000011000100000101010011
010000000000010000010000000000
110100110011000001010100110000
010010010011010011010010010011
010100110010100101011000110000
010011110101010000110111010111
100011100100000101100101000001
010101110011000011010110100000
101110000101111001110001000001
000111011001100111010110100000
100101110110110000111001010000
000111001000001011001011001001
000110000110001101000110001101
010110001011001011010110001011
010000001011001001010000001010
001101011010011010001101011010
110100010001110100011000110101
010001001011001011001011010001
001001010101010101001000001010
011101011001011011011100011001
000101010011010100000011110000
010001000001101000110001000010
111000000101010111010110100100
000101011011011011011011000101
001000100000110110110011000011
000010000010010101010101000010
001111011000011000001111001111
000101101011100110111011100010
010111100101110001100111000011
111000000101000000010100110100
001110001110001110011011011011
101010011111111111111001010010
001111010101010101001110001101
010100010100000100000100000100
000001100101110001000010010010
010111010101010001011000000101
100001010011000010100110100100
001111001011001011001111001011
000000000101111101100001011111
000001101001000000001100000101
100000010000101000100011000100
001000010101010101001000001000
001000010101010101000111001001
011001011011011010000010000010
100010110110100111110100100001
010000010000001011001011001011
100001011111100000001111001111
010111011010011010011010010111
010010010010000010000010010010
010101000011010101000011000011
010111010111011111011111010111
100110000010100101110100000010
011000000101000101011000000101
100000110000100101010000101001
000111100001100001110000000011
000111010111000111000111010111
000101000000000000000111000110
000001000001000011010010100100
000100000110010111110001010011
100111100000010011110110000110
001100010011010011001010001011
001111000010000010001111001111
010101010101010101001001001001
000001001000010100100100010100
100010100111111101001111100001
001001010011001001010010010001
001001001001011110001001011110
011110001100001010001011011110
001111001011001011001011001111
000011000011011011011011000011
100101101100001110111000000011
100011010011000101100000010000
011010001101011010001101011010
000111110100001111010000101010
010000001111010000001110010000
011001000000100001110001100001
000001011111011111000010000000
100110110010110000100100100001
000111011110011110011110000111
101001101000011101010111001100
110100010101110100110000010001
001101001101001010001010001101
101001001101011000011010010010
000110010100110001100111010101
001101010001001101010000010010
010111100100010011110111111000
100001100100101100101101100101
010100010111010110010111010101
000000000100010100110111000011
010010011100010011011100010001
010001110001010001001000111000
110000100111010011000001010000
100000001100000001101110111110
000110011101011110011100000110
000010011111000010011110100000
111101111100011000111000110000
011111011110100000011000011000
011100111111010001101000100001
110010100101100010000000100110
011100001001011100001000001010
101011001011010010111011000000
001101001010001010001110001100
010110000001000001010111011000
001011110111101100110001010100
010101011100111011001101101110
011010011110011110011001011011
001010001010000001000000000010
100000100100110011110101110110
000100100000100000010100010100
011101000111011101011101000111
010000010000010000011011011011
011000010111111000010000100101
100110000111100110001000010011
101000111101000011001010110010
010111010000100101100110100110
010100000010010100000010010100
010110001110100111011111101000
010011010100000101000101010101
001000000110011110101111101000
100011010101000101000111110001
000010000001100001110111010000
101000110101101000010110100111
000101100101010010010010110100
010010111011110011100011001011
101111101011011111100001010100
010100011100011101000100101001
000110010101000000100101000011
001101000111001101000111000111
001000110100100111010010010000
100100100110000001010100101000
011111001110001110001110011111
110100110110000101101000010110
110111000011010110000001100110
010101010101011101011100011110
010101000010010100001100110101
000000000000010000010001001111
011101001110011110011100001110
100101100111010001010000010100
011110010100011110010100011110
000101110011110111110000110010
101010100110101111000010010100
000010110001010110110010010100
010100000010000010010100010100
000111000101000111000110000111
001110001110010111010111010111
000010011011110110100101110010
010100010011011010010101011010
010101001101111011011101000000
001011010001001011010010010000
001110001101011101011101001111
101000110101000011110000110111
000110000011000011000101000100
000100011101000011011101000010
001100001001001100001010001011
010010111111001101000110101110
011111011100011110011101011111
100010100100010100010000100111
011000000110000100100101110001
001000010101001000010011010100
100111111000010001100101000101
010111010000001111010001010111
010010101000100011100010111000
101111110011010011101000111111
110011100111010100000011100110
001011001011001110001101001100
010001010001000011010111010011
010100000110000110010100010100
000001010101010100101100110010
011010100101011100100011011111
101001100011100010001001100010
010010010010010000010000010010
000100100110110000000000010111
000111000111000111000011000011
011010000100000100000100011010
010000001111010000001111010000
011100000110011100000111000101
000100010000100011110001100110
110011010100100001000000100101
000111000010000110000101000010
011011011110011101011100011110
001110011100011100001110001110
101100111110100110011110001011
010011010010111000110011000001
011001010010010001011001010000
111100011111110011110000100101
011000000101011000011000000101
011110001011011010100010100010
010010100001011100000001011010
000101000000010001000001001000
010010001101000110110101010010
010111000010011001011111100111
000110010000000110001111010001
010100001001001001010010010011
000011011010000101000100011010
001001011000010111010110001001
100001101000110101111000110101
000011100010010000000000010011
000010001100000010000010001100
011001011010010001011000010001
010001110110110011110011010100
011111000100101001101001011000
001100000000001101001110000000
000100011110000011000101011110
010110000101000000111000100100
110110001010101000111011011001
000101001101001101000110000111
010010010100000111000111010011
010010000101010010000101000101
001001111111011110111000110000
011000011111011000100001100000
001000110001100111010011000010
000001100111000110110111100011
010011111110111011101100001011
001000010110000110000110110000
001111110000110001110000011000
000110111110101011101011101110
000100000100000100001010001010
010101110000010110100101000100
010000001111010000010000010001
001101010100001100000001111000
010011000011100001010000100000
100000100100000101000100011010
010101010101011101011101011101
010111010111001100001011001101
000110000110011111000110011111
010010010010010000010000010010
100111000101110101001000110011
100001100100110100101100001010
101101110110100101000101001111
000110010010000111010010000101
100010110111000101110010000011
011000100011000100100101110111
000010010101010101000010010101
000101001110000011111110100101
100101001011011110101111101100
000110010111010110010101000110
001000010110010110001000001000
101011101010000100001110011011
001101001010001000001001001101
010110000010010110000110010110
010100010100010001010001010100
100110001101101100010000100100
001100001110001101001110001011
010110110010110010110011100011
001001001110001010001110001011
010111100001010101111101011011
000111001000010011000110010011
100111000001100110110100100100
000011110001010111010110100111
001110001111001010010000001010
000011011000000011000011011000
000010011101011111011110000010
101000100010010100000011100110
010110100000011000000111110011
000110100000000111001001111101
100101010010010111000001010101
010010000110010100101010001100
011110011011011110011011011011
011111010111011001011111011000
110010000001011111001011011000
010011000001011000100111010001
011000010110010111011110011110
000001000101000001000101000001
110101100011001000000010000110
101000110100111001000110001001
100010000111000001110111110111
000111000110010111001000010111
011011011000011001011010011011
000101001000000101000101001000
100001010011010010010011000011
001111111110010101110110010011
000001110001000000011000100110
001000001000011111011111011111
100010110001001000110101000001
011010110101110000011000100110
011010011001011010011001011001
000110100000010011100001100010
001110001110001110001111010000
011001011001100000011111100001