110110010000100100111010010010
110100111111110100010001110101
100001010101100011001111011000
111100110000100101010101110001
010011010010110111010101110111
011000010001101000011000100111
010110010011010011110000100100
100001110010110000111000111000
010011110110100111100101010000
010101110011001000010011100010
010000010010110011010000101000
100001010100010001100101110001
000000010010110111010000011101
110001010100010010001100000000
110110010101110111110010110011
011010010100010111110000100110
111000001011010000100001010000
100010010111010100110010110110
110001000100110010010111100110
011000110110110000010001010010
100111110000110111010111011000
110110010001110010101100000000
110000011010100011110100110010
010110100000010111110001110010
110101010010010000000100111000
010101111110110111110101110010
010100000100010101110001010000
000100010100011000010001100011
001111110100100101010001010111
100101010001110110001000110010
011110000000010011000000011000
100111001100010100100010100101
010000110111110011010110010000
011001100101100010010111010110
110110110111110101110111100011
100011010100111001010100100010
110100110111000000100000000100
000000110111010010110111001111
100001111000110001110011010110
110111110110100011110000110000
110100100100010111110100110110
110000010010010101000000100010
100001110010110101100111100000
010010010000100101011000110011
100111010000100111100101110100
110010111110011111001100100011
100001000111001111110110100001
010110001000100010110000110110
110000100101110001010001010000
010010000100110001100010010011
110001110100100000101010010101
110100010011010111111101010001
010100010010001010010010010110
110010100110000000010100100010
100100110001010101111000001100
010100110111010100011111011000
100010110111011100010111011000
010111100001100011010111100000
010001110100100010100111010111
110011100110010000010000001100
100110100100010011100000001000
010101010011110010011000011000
011000101000011000100100010101
100010010001100111010100010111
110011101000010000100010110000
110011001100100000110001110001
110110000000010000011010110100
010110100101100101100110010010
100010010010100110100111100011
110111011001100010010010010100
101000110101100000101000111000
101100110011010000000100010100
110010001100110110100011100101
100001110101100101011000001000
011000100011110100110100010110
010101110011010000001100100111
011000100111100001000100010010
100011100001111000110110000100
010011010100111001111000110100
111000101000100100010001100001
010110010100110000111000100000
010100010101011000110011110011
001000110011100111010010010000
100101100000110110010010100001
010011110111100011010010110110
010010100001100000100101100100
000100100010110111110111100001
010110110101110110001010010111
110011010010010101100000110010
010111100000010000010101000000
010110010011100010010010110110
100110111000100111110001100110
011000011000110010000100110010
010000111111100001100001100111
110000010110000000100101010010
101000010110010111001011100000
111000010000100001100111001000
110000010100101101100100010101
110011101000110101010010010000
100000100101010100010110100010
000100100111010000111110110011
001100010010100001110010101000
101000100110010100011000111101
100101010110110000110010110110
010000100110110011110101100010
110101100111010100010011010110
001100010111110001001000101011
110101100001010111001000010110
100110110000100101110010100100
010000101000010001100101010001
010001110111011000110000010010
001001100110111000000100110111
110000111000010000110110011111
000100110011110101110100111000
111100010010110000110101110001
010111100111100101001111000000
110101011000001100100111010110
100001010000010010010000010110
110100110000100010010001100111
010100110111100000100100010110
000000010101001100100000011000
110111100000100110110100010000
010001010001100000011000100100
001001001001110011111100110000
010100010011010010110111010010
100000010000110010001100100000
000000100010110110110110100101
110010100011100001010101101010
100110010111100001110100110101
100111110100001000110110011111
010110001100110110100001110111
010101100010100100110001001100
111000110011110100010101010000
010110001100010011010010010101
010110100111010100110001111000
110010010011010000100111010100
110101110110110100110101100101
100010001101010111100110011010
010000101000010011101000010010
100000001000110111010111100100
110011111001001001111000100011
100110010010011101101100010111
010000011000100110100010010101
010010100001100110100100100001
010101110010110000110010100011
011000100111110001001100110000
010111110100010000101000001101
010101001010110111110101010010
110001101000110011110101100101
100101101100010010010011110101
100001110110100111101101100101
100000010101100011110110001011
010101010010110101000000010000
000000110011001100010000100110
000100101100110110010000100100
001000110101110010100001010001
110100000100100010100101011000
101000010111010111100111100010
100110010000010011100101100110
010100111000100111010011010111
010111010111100010101010101010
011000100010110111100011100011
010000110101111000010101011000
110110010111110011100000010101
100011000000010111110011110001
111000100100110101100011011000
110111100101110111000100110010
111110010101110000100001110110
100000101100101000010000101010
100101010000110011100000101000
100111010111010011101000011011
001000100111010000100101100000
010010110000010110010100010001
010101100011111000100101100000
010111110100010101011100010001
100010101000110011011000110011
001110010100110101101010110010
010000011000010101010000011000
010100101111010000100110010111
001101110100011000011000010101
011000110100010100011000010000
110110010011010101001110110110
101000010100110110000000010010
110111011000010110010011100100
100111110000011000010011010100
110010100100100010010110001111
010010111000111111110111110011
000100100110011000100001010001
100001010100001011111011011000
010011110000110000100001110011
100010101000010010010101100100
100100010111110011100101100111
010100001101100110111000010011
010011010010101000111000111000
110111001110111000010100010100
100001010000010100011010100101
100100010100010000011011100111
110101001100110000110000100100
010011110110010010110111111000
100011110000100000110010100110
010011110101111110010111100101
010001100010111000010110100110
110110110001100001110111010001
110110010001101000110001010000
011000001110110101100010001100
110011001100001101010100101000
011000101000010010110010110111
010100010000110000100001110100
010010111000010001011011010001
000100010101110111100001001100
100110101000100001110010111000
010001010000100001111000010100
010111100101110111100011110000
110101011000010000000000100011
101000100000100000001110100110
010100110111110101110010101010
110111010000110010100101100110
100010100110010110010011010011
100101111101010011010100101000
110001110111100010100011110001
100011010100100101110101110000
010011100010110111010000010111
100101110110000000110101101101
010110110111100001110001100000
111000010001110011011000010100
010110111000001001110011010011
010100010100010010110110000111
010111110100010100110100110011
000100110000100010100000100011
110111010111010100110011010111
011000100100011000100010100001
100010110111010100111000010010
110100100101100000010110110110
101000100000010111100110010011
100001010110010111110010000100
010110101000010011010001010001
100011101000110110100100110111
110000010011110000001010110010
010111010100110100100100110001
100111100001010010100011110111
011000110101110010010101010001
010011010100100110110110100010
100100100010100111010010110110
010011010010011000100010110100
110001110001010011100000110001
100100110100110110010001111000
010111110011000100110010110010
110010001000010111100100100000
110010110111001000010110100000
001000100010011000010101111100
100010111000001110110100010100
110100000100100110001011100110
101000010000010110110011100111
010110010111010010110011010001
110110010011010010001110100101
100110100001011010011000100110
110011100001100100100100010001
100101000100001000110111110011
100111010010000111010011010001
100100110001100100110011011100
010100110010100000100000001101
010110011000100101010000100011
011000010111110100010010010011
110101110101100100110000011111
010110101001100111110111100011
100001100010111000111000100100
010110001100110101110000010100
110110101000110001001101100011
010110100110100111010110111111
110100100101010010010110100111
010011001100010111110001010000
010010010000101010100100001001
110001110111110100110100010000
100100010111011000110100010111
101000011100000000100100010000
000000010010100001100000001000
000000100001010001001110110111
101010110110100001100000111000
010110111000101101110011100001
010110110101110101100000000100
010011110010010111110010010100
110000010101110101010001100111
010100010001100011010110110100
110110100000110011100110100010
111011001000110000110100010010
011000100010100001100000010000
110010010110011000110000110011
101000110101000111100010100011
110110110000110011100111100110
010110100111110011010010110000
010010010010010110010110010110
100001010101010100101000010100
101000010100110110110000100001
011001100110101101100111100000
100011010001010010110111100111
010111110010100100101000110011
110101001111110001010010100010
001000010000100001100000010111
100100001000101001010001100001
010100000111110111100011010100
011100100011110011010010100101
010111010010100010110011100001
100111110010001000010101110001
010101110100010000010100110010
110010100011010000110001010100
001100100010110000101111100001
010001010100110110111000100100
110010110110010010001111110101
110111110001010110110100100000
010010100011011000100001010011
010010011000010111110111110100
110000100010011000100001010010
010111101000101000110110110101
100101010101011110011001100000
110001001000110001110011110101
101011010000100011100111110110
010011010100010101110100110111
010110100100100100101000010101
011001110111110110100010001001
100011001000101000010010110001
100011100010010000100001110001
110010010011110101010110100101
101000010011110111100001010001
110011001011010101010101100001
100000010110110101001110100100
010000010010001110011000100010
111000111100001100110100100000
100000110111110010110100010010
100111001000110110110100110010
011000110111111000110010110101
011000010010110001010011100011
011000100100010100101000110000
010111100011110111011000100110
001100010010010100010001010110
010100110010110000110001110110
100001110011100011010111011111
110000110111110011100111010100
000100010011100001011000110000
110101111000110100001100010101
111011010000110110000100110111
010000010111100000110001010110
100011110001000000100100010110
001000101000011000110011110110
100000110011010010100011000000
010101010100110010100110010110
110001110111010110110110110010
100111110101001111100011100001
100010110100000000011000100010
100100011000100000100111110100
110000110100010001110100100100
001000110101010101010011010110
010100110101110000110000100001
010011100001110001100110110101
010001010100010100011000100011
011000010110010101101010110101
100001001110010100100100010100
110111100001110110010001100100
111100100101010011010001101011
100011100010111010110101011000
010011011000111100100111010001
010110010101010101010001110111
110000110111101011100101110011
110101001101000111100001010110
010010010000010011110101010001
110110010100001100010110010111
011000010000000111110011100100
100101111000010111011111010011
000111100001100110100111101000
100101110011010100100110100000
100011111011010101100100001110
010100010001110101110001110101
110001100000001110010000100011
011000010100010110100111010000
110100010001010111010101010011
111000001000010100001011010101
010110110010001111010100110101
011000010000110010010100110111
000100010011010000100110110000
010000100100010010100110100100
010000001100100100110101100101
010011010000011000110110011000
111001011000111010100111100111
010000010100110101100011100000
110001010101110010011000100010
001001100110100101010000010000
100101010101100110010100110011
110010101000110001011000100001
100101010100100110100001010100
110010010001100101010101110110
001110111101010000100000100001
110110010011100011100111110111
100110001001110101010111010110
010010010111110101100101100011
010000100010010101001000100011
101101010100111000010010110110
100111010111100010010000100110
010010010111010011110111110011
110111110111011000110011100110
010100010011010010010010000100
011011010000001011011000100100
111000001101100101110011010110
101111111000010010000100100101
110101111000100110100001011000
010101110110010001001101100001
100101010100110010010010010110
100011010000010011101101110101
001010100001010001110001010001
100001010100110001010111010101
010011010000101000100110110011
100001010100010111010111010111
010111110011110110010100100010
111000100011100101110100001100
110011100100100000010000100000
101000110000010000010101111000
100110010000110000010100110001
100000111000101000010000100100
010010010010100011100100100000
100111110011010111000100110001
010111100011101000001110110010
001000100111110110011000010001
011000100101001111100100110101
110011110100010001011000010011
100111110011010101100001100111
100001101111010110100000100000
100101110110001100110000110000
011000010101101000010111010001
010011010000110000100100110000
100010010100111000100001001110
110011010110011000100111010011
101000101000011000000111010100
110010010000100100100010010000
010010100011011000100000010101
110111110100010101001110100001
001010100101100100100000100001
111001110110100001110111110010
100010101000001011010111100101
111111110000110111111000101000
100011000111100100100000010100
110111010000101000110000110001
100011110100111000010010110101
010000001010100011100000110011
010010110111010001000111010100
110100110011010110010101001100
100000110101110011010001110001
110110110111011000110110100010
010000100001110101001100100011
110110001000001101011100100111
110101101010100111110111110001
010011101000010001010000111000
001001010100110110010110000000
001100110001001100100011010000
010000001000011010010011110000
001100100010110000110000110011
011011100001100001100101100011
110011100100100010010001010110
111000010010010110010010110110
111110100101010000000000011000
110001100001010111011000010011
010001111000010101011001100101
010000010101010001101000110010
010011110001011000110110001000
010011001110001100010000110110
110001010110100010110101111011
110011110001110011010000010110
110001111000100101010101100101
010100111100010111011000000111
111011010100010000010111111000
110011001100000000010011010000
010100110000010000010110010100
101000110010110111000111001100
110011100001001110100100100000
111000000100001001100000100000
101100110111011000110001110000
100111010011110000010100010111
010000100011011110111000100010
100001001000100101110010110110
110111110100100101110110010110
110000010111100001010110110110
010110000111010100001000001101
110100110010011000100010100001
011000100100011000001001110110
001110110010100011010110110110
100101110111010000010101110111
110001111000010100100101110111
101110100110100000010000101101
010000111010100011111000101000
001000010111110010100000100110
010100101000001010011110111010
110010001100010011110011110010
100100100001110100010000010111
010111100011110101100001110101
001001100110100100100010110001
010100010100011000111111011000
110111000100100110010100101000
100001001011110111100100100111
110101010000010101101000010001
111100111000010001111000110010
100001110101110110010001110111
111000110111001110011000110001
100101011000100010110010010111
010101101000110101001101100101
100111010111000100011000000000
010011110001110110010000010010
010101100011110000010011100001
011001010111100010010100110011
010010001010010110100000100000
010000100010010100000100001100
100111010001110111100000110001
100111100111100100010011110101
111000010000011010010001000100
110001100100100010100111010001
111000010001110010001000110110
110011010001110011010000110010
100111110100110001010011111000
010010100111110111010101100010
010100110010111011100011110011
111111101110001000010010011000
111101110100100010010000100011
100100101011110000100111110000
010000011001101110010111011000
110111110110010000010101110010
100110000000011000010100010000
110100010000100111111111110101
010110100001100011010000110100
001011010100010110100001100010
110011010101111000100111110110
011000100101010011100100011001
111100001110010111100000011000
001110011000010000100011011011
100110010110100110010000100111
010101010010110100000100100100
010111011000100101110100100000
010101100010100101010011111000
110000110100010100000000010000
001111010100010100001110111011
110101010011110010011000100111
010101010111100010100110100011
010100100010110110100011110000
011000110111100000100010010000
010010000000010000110110010110
110011110011010111110110010111
100010110001110100100001010100
111011100101110101100001010100
010010110011010101110011110011
101000111000100101010111100111
100100101100100100010001110011
100010000100100111010011010000
010111010101100101010100100001
110111101111010001110010100101
110011010000010100100100110111
000100010101100101000000011111
110100100100110011110101110011
110010100110110010010100101110
010110010011100000110110010001
101100100111111110110001100011
110111101000000111010110110011
111111011110110001001000001001
010110100110010000010100110001
100000000000010000110010010101
010111110011110011010110011000
101000110010110001000100010101
100001100100110100010001110110
110100001100100100001001010000
010011011000010011100110010111
110111100110010000110101110100
110000100110100011010001010101
011101010000010110110100000000
011000100011010111010100110010
011011011000010010000000010001
010111100011011000100111010111
011000100110100001110011110000
100001001100010011010001010100
110110110100100100100010100000
000000010101100110001100111000
100111111111100010011000111000
100010110001110110010110100111
010100110000111000010110110101
110101110110110101001111110110
010101100101010101100101010100
010100110010100110010001010100
100010110010001100010001011011
001000010111100110110101001000
010100010000100100110010110111
100011100100110101010011010110
100111110001001110010101110000
010000110101100100110101010000
100010001100110001110111110000
100110010010100111100101110110
110100100111010100000000011100
110111110000001101110101010101
010111100001100111010010010000
110001010100001111010100110110
100100101000100100010100010111
011000000000010010010000010001
110111110010100101010110101000
010111100010110100010010010100
010101010011101001100111100001
010011010101011001110000110111
010011100110010011111000101010
100000100110100111111101001001
010010100101110110110100010110
101000110011110001010100101000
001000110101111111011000001000
110100110001010011001100011000
100000000100110001100101011000
111001011000100010100101010001
011000110000110011100111100110
011000000100100101000100000000
010010100011000100110010110111
100100010100010110100011110110
110010100100110011010000010101
110000010111010000111000110101
100110010010110111100010110000
100000110011110110010000111000
100100100101100000100010000111
010000110000001100110011010011
010111101000010110110111100000
100000010100100010010110100000
111100010011100100010000100111
100101110101110000010000100000
100101001001100010110111110010
010010110011010100100101110010
010011000000010010001100110001
100110010110010101110011100100
110111110011001000110101101101
110100011001001101110100100100
001000010101111000110101110011
111000010000100101110011100101
010110011000100101010110100011
110001001110101101100001010010
010101100101100000010111010011
100011010000100101100100110000
011100100111010010100011010001
110100011000110110010011010011
001000100100110011100100110001
010111010101110000100100110011
010100110111111000001001101000
100111001100010110010000000111
010100110101110111110111110011
110000100100010101110101010101
010101100001110010111000010100
010010100001010001010011010111
010011101000100111110111100101
011110010001110101100110100110
001000010100110010100111110001
100101110011100110011000110111
100110110100010101100001110010
100111010011110001001111011000
100011100111100010001111010000
100110010100010000110111111000
010111101000010000110001000100
010101101101011000011000100010
010111010100110101110001010110
101100010010010101110010100110
010101111000110010100001110100
100000101010000000110100100000
110011100101110001100100000100
000000001000110100111101010000
100101100110110111111000001000
110101001000110110110001100000
010110010000010000010010110111
010111110101110001010010100111
110100100000101000101100010110
110101100010100110011000110101
110101100110110001100011011000
010101101000110111110111001011
110101010000001101100000010101
100110101100110011001000100111
101110110010010111010011010111
010001011000110000101110100100
010100100000110101110001110001
100000001111011000010011111000
100010100000010001001000010101
011000111010000000011000110110
110001010011010010010011111000
100001101000010101111000100001
100110110101111000110000100001
011000110000111000001000001000
100110100101100010101000010110
010111101011110011010000110011
111000011000000100100111010100
000111000100110000110111010110
010000011000001000101010111000
110111110000111000100000110111
110010100011001100011000110110
110110011000110100010110101000
110110110001010000110111010110
100111010111100011001000010011
010100100100010000010111011000
110111110111010100100000010100
100011101000010110100100110010
100011010111010010110011100110
010000100010110101010011110000
100001101000001101100101100100
010100110101100000110000100001
100101110111110101100010010110
100001011111010111100100010000
100011100101110011100111010110
100110000000100011110101001110
111000000100110111110000000000
011110010011100001100100010011
011111011001110111011000100000
011101011000001010100010011100
110001111100100011010100110111
100010010100110100011000110011
100001110101110111001000100111
010000110011011000011000011000
110001101001110100110110100110
100110010001111000101000100110
110000010110111000110000110101
110000000100100001010000010010
011000010001110111110010110000
010010100101001000011000110110
100111010101100101101100010001
110000001000100110001111110101
100011010101110000110011100110
100100010001110100011000011000
110101010111110001110000010001
110001001001010000100011010011
011000100100010110100101011000
110101010110110101010111110000
010100011100010001110110010101
111001100001101000110111010101
110010100100100000010001110111
110010001110000000110011110110
010001010110110011001111010000
100000010010110111110011101110
110001110110010100110101011110
010110100010100001110011010110
010000110000100100011001010000
010000011101100001100110010011
110000010100110011110101100101
110000100110100110001010100010
110111111000100000100101010000
100010010011110110110101010011
110001101000011011110100011000
010110011011010101010000010001
100100100000001000010100110100
111000000100011101100010100101
110001000100110010110101011000
100100011000110100010011100101
010000100010010100110100010101
010001110001100001110100010100
011000001000110110110010111000
110110100100100001110110110110
010111010110100110010010100001
010011100100110111001011101000
100000010110010100110011011000
011100100011101101110110110111
001000110010010011010101010010
010111010010010100110010010001
101000100110001111001000010100
100001001000010000100101100001
110101111001010110100010001000
110011110111001000100001100000
010110001100110111100101111000
110111100100010100010001011000
010100100110010111010000010100
100000101101010100100011010111
110101010100010100011000110110
001110100110000000010000010010
010110010110111000000111100010
010100110110010001000100100000
111000010000011000001100100111
100111010001101000010100110000
100110001100010100100111100001
100100110110010100010000110010
001100110010100111100110110000
010010100010010011100101100110
000000100010101000011000110111
100111110010110010101010011000
001100010011101010100001010110
110100111000010111100110010101
111011110101000100101001011000
010000100001101000100001110001
010110110000110101100110110111
100101100000001010010100111001
110011100110110000100010010010
101000110111001000010000100100
100100100111100100100110110001
110001110111001000100110110110
011000010000101000010011110000
110011010100111110010101000100
100101000100110101110101110000
010001110101110101010001111010
100111100111001110001011110101
010011010110011000110101110101
110111101001110110110011100001
100100110000110100110101100101
100001111000110101010001100111
110011010010010000010000110011
011000110111100101011000010001
010110100110100100100000010100
011000010100100000110000110001
010101101000010110011000110111
010101100001110111110000100001
011101010010110111010000010110
100001100111100001000000110010
100111100010100000110010110110
011000100011100001110001110101
001001010000111000100010111010
010111110101010000110100010101
010110010101100111110010110011
110111110111001000110011111000
010011110110011111011000110111
100110011111110110010111100110
010111100000010101100101010111
010000010000100001100000010100
010110100001110000011000011000
110100110011010100110001110011
100000100010110110011100100000
011100110001011111100111110011
100001110000001000010010110000
010001010000010110101111110111
100001110111110000111100100100
010110010001010000010010110010
100011110110010010100001010100
110000110100010101111000111000
001000110001111101110110110001
100100000000101000100001010011
110111110010000100101000010111
010110100100110110101100100001
010100110111110011010011100011
010100100011010111100010110111
010101001100000111010100011000
110011110000110011100011101000
110110110101100001001100110001
010111010001101000100000001001
101111100100001100010011110000
011000100011110101110111001110
110001101000110011010010010101
101110110100010000001010010010
010101100011010000010101110010
110000100010110001000000101110
110101001100010011001000110010
011000110101001001111000111000
110010100110010100110100100010
011000010010110100100110100110
010101110000100100100110001000
110110010100100111110011010011
001010010000010111101000100110
010000110101110001010110100000
110110001011010111100000010001
111111110011001011110011100110
010010100010111011010101010001
101000011000110011010010010001
010100000000110100100101110001
100001110010011101010110100110
001011000000100100100101100100
010000110001110010010000101000
110101010111110100010000110101
010010100010100110100001110111
010110010000110101100000111101
110100110000100100110100100111
010111010010010011100011100011
000100011000101000110110110010
110001110001101111100001101100
100000010000010000110101010000
001000010001110000110001010100
100111010101011000011000100010
110100010100001010110110110100
010011000100110110011000100110
011000100101100011011000100010
100111111000110000110101100101
010101100111010101100110010110
010011010000011000100001110000
110011010011001000011111001000
100111110000111000100100100010
010000000111010101011000100110
100100110011001101111011100110
100001101011010001100010111000
010101110000100011110010100110
110010110000110010011000001100
010000010000100100100111010000
010000010000011000110111101000
011000110101010100100111011100
010110010011010111100111011000
010010110011110100110101001100
010110110001011010010011100001
010001110010010010110010010011
100000100101111101111000010101
100100110110110001111010110101
001110100000011000110011010010
010101010001011000010000010011
100001011000100101100110100011
100001110001011000100101110001
110001110001010011010000110111
110011010011100011110011110010
001110011000110111010010110010
111011010011001110010010010101
100001010010100111010000100100
001100010100011001010111010110
011000011000100111110010110111
110001110101110001001110010110
010000110011001101110010001101
010010111000110110010011011000
010000110110110100010111111001
111000110000010101000000111100
110011100101010100100001100001
110101100011001000110011110110
010001011010100000100000100000
110001100010100111000100010111
110100100011010110100001010000
100110111000100000001100110111
110100110100110010110000110010
010101100110010010100101111101
110101100010010111010000110101
011000001010001000011000000000
100101100011111111001101011000
100001010011011000100110110101
010100010010011000001100010101
100010100101110011100011010000
100000011000110000110001010000
110000010111010101101000110001
010001110010100110001011001001
001000010111010100100011110001
100100010110011000100000100000
101000100000000100010011001010
100011010101100110011110011000
010100101000110111100100100100
011000110010010111011000110010
110111001010100111010110110000
100011100111100110010110110001
101000011000100010100011110111
000000101001100001101001100001
100010100110010110001111100001
110011010111110110111000100010
100101010010111000110010000100
001011110110110010010000010001
001000010010100111100110100110
011001010110100100011000110010
011000100100100110100010010110
001111011000100011011000101000
010000100000011010010110010100
010000001010100010100001010100
110001100000101000010111100111
110000001100010001001100110110
001111111000110010110000110011
100100010110110000110111111011
110101010111100110100010001100
011000110111100111010001010110
101001010000110101111000101101
010110110001101011010001100001
110100101111010011010001100100
100000110110010011010001111011
100111010000001100010100100001
110011100110010101100000100010
010100110101110101101011100111
100101100001110000011010100010
110001100101100101010111100101
000000001000011000110110100010
100100010011010011101000100001
010110110011010000100100110001
000000001001010001101111111000
010111001000010110010111110101
111000011010100010100000110110
010011110110100000100110100000
100010110001110001110101000000
000100010111010011010101110100
111000100001010011111000010111
100111100111100000110010100100
110001010100010100010101001110
001111000100001001010000101000
111000100101110000110000010111
000000111000010110001111010010
110001010111011010110100010101
010001100000100111010000001100
010111100111100011110000010101
111000100101010010100011110101
101111110000001100001111111000
010011110011110000100100001101
011000001000111100101000100100
100110100001100001001001111111
010011010110010001001000001100
110100110010100001110100010111
110011010000010110010010100110
010001100011100011100001011111
100001110000110010100001110000
100111111000010010110001100110
100101110001001001010000111000
011101010111100111010000110011
010011001001100110100110100010
010000011000110101100000010110
110100101000101000010110110100
110110110101010001110111010011
010110000111001001100110111010
000000101000010100011000110000
010010110100110110100100000100
011110100111010101001000001010
100011110010010110001000101100
001011011000100010110110010111
110101111000100101110101100101
010001100110110000100011110110
100110010101110000100100010111
110110110101110000101000100000
001000100000010001110111011000
100011010111100000001000110110
100011010011010101100011100001
010000011100110101110010101000
010000010111100111100111011000
