1000
98 107 10 66
124 103 77 122
91 55 35 72
35 24 64 37
79 25 18 84
120 25 90 111
80 52 122 113
66 15 3 23
102 0 126 85
62 83 16 48
56 61 36 114
23 20 81 125
27 77 74 31
85 52 73 113
23 98 81 61
74 47 48 47
8 66 121 17
22 33 38 9
20 100 70 60
55 107 70 115
126 91 21 83
29 124 85 48
62 4 69 29
56 95 43 85
109 15 25 37
56 11 18 6
31 48 30 100
23 94 29 9
5 49 47 31
122 53 15 5
108 25 66 17
56 18 77 89
111 46 15 119
10 25 100 51
66 91 120 43
52 14 40 41
87 64 30 113
44 3 120 104
79 91 99 64
39 3 117 20
85 11 71 34
61 123 90 73
91 33 79 99
106 20 0 49
85 40 61 57
114 96 106 8
102 107 11 42
114 16 66 40
114 124 0 9
126 83 79 119
12 106 48 21
33 3 102 106
80 0 54 3
0 25 48 30
50 77 71 46
25 121 101 20
5 70 115 29
65 34 88 29
39 71 4 10
10 52 66 80
93 10 126 117
111 95 45 53
96 74 2 35
38 69 85 86
94 23 86 9
10 69 41 38
74 92 101 33
75 29 122 61
12 78 45 18
77 103 84 76
106 27 25 123
121 86 87 31
122 29 127 109
9 77 85 39
42 96 22 16
21 50 56 15
98 2 25 100
74 114 125 55
108 21 94 56
66 42 110 49
91 29 16 7
115 51 30 127
101 65 53 10
55 37 26 50
117 96 92 38
26 124 37 103
108 126 82 127
127 51 56 2
87 81 82 9
37 65 39 97
75 120 16 21
10 16 57 33
10 76 3 114
84 41 38 117
95 97 8 23
19 109 52 74
106 123 99 59
5 0 46 77
65 85 16 126
67 77 104 98
98 15 41 32
61 73 85 14
9 123 106 36
125 20 38 90
105 9 119 98
117 12 25 120
38 5 8 33
82 26 88 49
98 125 28 15
119 86 31 75
32 99 75 31
48 9 100 113
95 48 116 91
19 11 10 124
65 6 55 58
23 107 78 29
37 109 108 21
26 106 16 25
106 39 7 114
110 106 7 127
83 64 20 90
18 31 91 7
88 89 45 2
59 93 18 36
53 0 52 31
1 75 94 6
59 36 47 116
28 122 88 66
33 7 53 92
85 121 74 75
83 47 20 26
78 40 96 37
32 57 80 62
60 47 74 95
107 11 33 5
100 19 18 33
107 76 106 36
108 76 90 21
63 113 94 14
96 104 2 106
82 112 52 95
75 120 23 47
27 70 28 39
114 102 47 107
110 44 63 116
87 36 90 118
22 123 52 75
0 114 118 1
55 76 29 77
39 108 120 23
127 59 103 71
5 30 69 10
0 65 101 101
113 26 64 90
72 50 21 9
18 67 78 87
30 63 41 17
106 74 72 34
53 26 105 103
71 74 113 95
35 40 31 30
97 102 119 35
76 90 121 106
55 122 125 81
126 15 113 76
36 126 13 55
6 90 120 100
2 17 20 101
1 92 10 29
0 69 74 58
36 73 48 26
111 117 84 98
43 84 107 111
37 114 37 80
33 53 47 113
89 99 109 125
99 56 50 112
52 12 99 8
59 21 47 93
14 44 59 76
22 72 90 105
117 13 110 116
125 65 121 55
86 68 10 11
13 41 89 0
74 1 35 16
109 56 101 56
116 49 86 26
21 81 82 116
83 65 7 11
48 94 20 53
88 48 51 64
77 79 98 65
123 88 61 11
78 18 2 117
126 112 12 105
126 117 112 30
21 20 61 25
39 105 54 112
19 109 100 10
46 63 125 56
32 71 90 81
111 27 73 51
75 113 118 66
69 59 4 30
25 44 106 63
55 72 1 109
12 31 98 69
30 91 58 72
56 61 16 78
83 59 95 122
73 43 35 3
83 93 6 33
101 39 45 19
34 52 127 54
60 33 59 98
90 33 127 27
6 91 125 116
79 3 56 41
126 123 80 20
66 35 102 48
81 74 98 15
53 9 80 63
87 112 57 66
88 41 78 4
91 14 38 90
5 125 15 6
61 11 3 57
83 17 15 88
108 34 55 114
111 36 91 79
45 84 104 97
2 104 67 118
10 31 104 99
43 0 35 37
20 84 60 45
63 5 43 43
20 109 26 117
38 10 64 87
96 6 9 127
22 91 74 38
117 60 91 41
103 86 69 126
100 3 79 73
120 8 67 9
116 101 30 103
88 126 13 5
69 8 65 74
53 87 98 64
53 29 84 62
90 41 39 84
2 13 39 88
92 74 75 82
126 103 110 43
0 36 11 113
32 87 2 122
65 48 17 108
71 44 43 16
40 28 98 111
68 79 72 3
109 71 66 81
87 48 110 36
1 39 98 92
118 9 105 58
4 92 40 49
90 127 4 63
61 70 47 107
19 114 60 115
25 48 42 112
16 109 101 69
64 111 91 83
23 78 7 126
2 64 51 101
98 111 99 9
119 90 32 71
83 6 101 121
34 10 20 88
92 1 17 48
28 120 11 80
6 80 100 32
70 104 36 37
103 78 15 41
32 34 123 11
11 99 46 88
21 20 44 67
51 66 83 64
66 116 39 114
39 9 45 8
80 18 49 116
61 117 40 85
34 121 14 21
87 0 20 26
109 90 115 85
96 92 30 34
81 5 46 32
4 86 49 11
105 15 79 99
13 43 91 19
104 13 112 90
65 79 116 105
46 7 116 67
48 99 16 91
24 31 6 89
5 45 103 3
82 116 126 121
20 13 102 67
7 24 20 85
91 25 120 8
39 73 9 0
96 86 40 37
41 44 40 62
84 6 123 101
11 57 61 72
84 43 60 90
57 41 107 118
93 35 98 3
41 1 99 44
38 4 6 82
0 9 12 28
37 39 97 6
107 111 85 63
35 93 55 102
18 33 104 89
24 110 111 62
120 97 57 101
61 123 101 17
64 70 95 5
121 60 70 10
82 100 27 12
36 100 6 107
100 110 26 117
118 41 43 87
121 105 40 72
28 94 88 36
91 121 13 50
65 45 83 75
97 10 74 110
8 105 68 96
53 88 34 33
28 91 42 7
110 101 118 19
19 108 35 43
39 53 42 58
7 34 126 91
73 85 30 104
67 40 87 84
37 96 78 60
96 88 99 120
78 104 104 25
39 37 1 27
52 28 68 43
96 21 9 2
29 92 123 81
27 115 94 64
124 58 40 19
43 6 42 104
53 112 103 67
5 34 99 43
112 13 96 22
103 85 59 116
10 122 26 68
125 100 121 67
46 58 93 40
77 36 116 17
17 122 100 104
23 67 123 58
28 75 36 92
24 35 14 35
50 1 8 103
125 27 121 88
87 24 1 61
58 127 79 70
57 2 126 90
87 23 19 78
108 57 94 97
37 59 73 51
123 91 72 98
33 30 102 90
120 58 95 91
110 71 91 102
72 26 122 74
30 114 39 88
62 47 86 127
58 28 98 99
118 118 56 102
79 124 59 80
0 23 120 81
100 58 110 12
10 104 23 67
51 83 45 28
46 93 7 59
11 2 97 1
33 29 51 20
119 50 0 106
17 45 59 58
106 97 121 0
111 53 97 10
68 7 88 94
86 116 34 23
64 26 26 69
6 36 34 97
53 81 51 107
30 27 121 31
114 120 45 116
86 32 106 65
96 20 85 59
116 63 89 123
105 6 114 1
103 114 57 109
61 64 122 121
36 58 112 72
92 124 38 22
48 76 31 15
39 87 9 85
41 119 99 48
105 127 49 42
100 12 86 48
83 46 111 38
126 54 112 8
62 124 81 50
0 11 15 34
62 113 57 27
108 73 86 126
49 41 95 91
112 100 112 81
119 17 37 56
29 39 100 118
53 94 11 5
103 53 22 105
105 53 1 34
125 79 97 16
20 126 3 52
107 92 79 21
5 61 7 94
39 119 66 28
114 71 56 97
98 86 58 67
22 11 39 80
124 16 122 111
81 98 6 29
111 34 36 7
30 110 63 8
69 67 98 29
88 74 95 48
15 86 3 41
126 5 66 84
35 88 25 106
17 64 26 19
32 124 8 57
88 24 55 45
58 102 51 112
89 40 68 89
51 55 119 80
32 70 0 21
83 78 82 8
21 3 74 29
42 70 51 88
114 22 106 104
31 20 118 82
44 75 61 111
73 8 5 2
68 19 80 81
73 12 63 35
66 14 99 107
71 57 64 80
125 114 31 108
95 43 13 59
122 98 7 61
20 78 25 46
32 112 3 92
105 31 63 127
72 68 103 110
120 14 42 91
51 63 38 56
77 37 47 64
6 46 59 106
40 62 32 43
63 76 5 117
51 15 105 42
97 99 54 98
126 26 32 22
2 20 2 62
101 115 70 105
88 101 66 19
40 62 53 11
13 17 114 63
115 34 74 3
37 89 91 93
76 64 34 5
122 51 101 86
121 77 112 35
121 75 84 89
97 101 102 76
60 48 110 55
67 42 35 121
87 66 110 77
116 13 49 65
117 17 4 51
26 65 0 55
47 44 92 68
2 4 5 42
79 60 100 127
92 90 22 110
29 6 44 3
69 90 53 98
50 81 47 45
127 38 104 58
0 13 111 8
34 21 107 79
84 48 15 86
35 80 70 124
123 84 69 19
117 40 27 66
103 114 107 40
107 32 28 28
47 123 75 25
108 67 70 28
91 19 2 10
3 35 31 104
98 123 6 80
35 21 100 57
12 53 105 7
12 102 33 76
104 103 14 114
37 32 53 43
22 120 73 68
64 54 103 2
13 17 2 72
39 36 34 29
85 1 82 37
84 16 22 95
53 64 115 84
124 120 21 20
80 112 98 103
122 109 18 56
36 102 80 37
18 36 39 8
98 29 17 68
77 90 122 102
81 119 88 59
9 98 93 87
1 63 19 121
28 94 111 62
6 28 10 91
10 93 46 87
68 124 123 107
0 60 122 88
41 11 122 42
98 73 123 54
6 116 44 113
80 83 110 36
109 100 60 94
97 75 61 54
65 61 95 116
60 86 37 82
62 36 65 44
29 114 122 52
46 91 63 22
127 53 75 99
69 51 90 104
80 5 11 49
50 41 117 20
64 73 124 107
80 98 13 29
15 85 40 68
112 79 106 123
95 56 22 20
23 4 84 24
60 5 10 24
79 23 100 32
50 71 75 40
47 57 35 33
58 66 126 77
37 69 52 20
34 104 46 50
4 89 122 32
69 20 71 56
1 36 53 0
107 32 37 124
10 81 56 44
116 81 113 59
70 48 25 89
125 69 90 72
55 73 100 16
44 96 29 24
35 117 36 108
66 49 45 17
67 112 83 96
13 88 99 98
32 38 8 78
113 106 53 119
52 100 22 24
102 31 119 42
8 51 59 61
24 96 104 17
54 50 55 125
23 49 25 33
49 110 101 67
120 7 89 88
52 8 50 112
55 54 1 36
60 116 120 23
70 74 100 84
76 22 31 127
94 22 58 34
104 61 4 124
72 36 94 37
29 82 81 19
92 49 51 75
108 96 101 9
36 112 19 73
39 48 125 89
39 38 109 67
54 29 40 35
113 108 45 9
76 120 21 93
25 25 126 62
10 7 22 119
66 65 96 41
60 31 40 127
62 3 57 36
36 39 45 17
27 71 24 69
119 66 107 10
19 36 115 15
88 85 65 104
99 5 75 61
54 22 36 63
54 115 81 2
64 107 33 84
99 51 76 24
113 69 60 67
78 21 94 37
115 6 98 114
13 73 108 119
49 41 1 68
27 98 65 50
124 120 67 103
33 127 68 44
3 53 86 66
27 7 111 79
82 49 84 105
32 31 63 91
120 113 44 90
109 111 104 93
27 22 115 33
24 3 98 122
60 100 24 107
14 75 43 77
71 31 86 0
36 0 23 86
86 115 50 62
95 118 66 43
115 102 3 26
1 27 84 53
79 29 77 23
26 73 15 62
28 42 113 42
42 119 66 42
112 6 96 4
31 25 79 21
97 53 65 98
58 118 94 47
108 2 107 59
72 88 80 121
119 64 88 69
41 47 56 118
82 5 95 121
73 63 5 26
117 46 50 99
84 34 8 125
105 119 112 94
3 50 52 17
125 33 22 103
71 53 20 109
5 122 87 0
50 75 107 114
72 16 9 22
88 97 105 97
59 72 124 102
0 111 73 124
39 102 110 101
77 120 94 77
107 43 88 9
108 112 112 79
16 58 84 59
96 6 86 39
46 127 17 25
45 8 58 45
2 111 110 45
74 101 112 79
9 40 122 40
27 29 121 72
78 77 100 8
68 84 118 17
15 75 56 116
79 52 96 17
108 10 10 23
94 1 75 79
14 0 8 11
39 43 120 20
35 5 34 26
19 16 29 51
25 124 110 20
29 121 114 43
26 35 95 108
33 20 8 63
24 96 95 82
100 78 61 23
39 103 93 72
90 95 5 2
0 36 65 53
35 47 29 125
123 32 70 66
35 10 44 89
82 51 24 126
37 64 82 48
29 62 90 102
26 70 99 91
8 84 59 100
8 107 69 40
67 11 68 20
85 106 1 68
58 45 64 94
29 43 127 51
18 104 73 10
66 1 7 40
84 44 103 59
50 8 48 116
115 85 88 93
29 4 107 93
47 122 58 98
3 48 126 105
100 41 39 109
97 113 54 64
16 40 0 77
47 25 39 64
45 101 65 107
82 108 125 118
30 64 80 65
64 72 96 5
127 51 108 69
104 9 5 106
21 71 6 7
126 99 89 120
113 121 47 6
91 53 78 110
17 56 24 42
116 32 127 80
112 39 125 64
125 87 57 11
92 67 100 24
78 33 35 37
16 87 49 11
6 125 120 19
12 35 119 34
66 20 77 91
33 119 94 10
84 26 25 28
78 78 93 46
1 121 103 103
54 23 106 68
124 110 126 96
37 109 52 108
49 68 18 35
119 82 92 74
115 87 62 41
118 32 87 56
127 39 24 113
81 44 22 80
41 69 91 29
28 96 82 83
79 85 0 48
77 47 43 40
121 61 20 66
27 13 96 22
100 118 124 36
36 14 28 38
30 103 24 72
20 25 55 77
103 44 115 68
86 44 103 66
45 41 21 54
91 116 23 84
108 77 117 14
35 89 44 127
57 59 16 32
112 111 25 92
57 30 82 34
51 60 80 127
87 123 69 75
4 46 69 50
28 79 112 44
28 12 116 96
107 81 86 58
84 126 37 6
123 35 0 21
4 35 28 14
82 79 49 16
12 58 45 92
98 94 107 53
100 10 57 1
114 2 106 39
51 16 33 81
71 75 115 87
105 125 84 68
77 113 85 102
85 103 71 3
54 119 76 103
109 33 45 122
48 43 49 19
69 41 47 124
31 123 63 111
47 29 13 9
23 24 35 37
53 91 93 25
24 96 125 32
85 52 57 113
73 24 35 107
24 48 33 45
68 70 83 43
114 86 25 23
101 2 15 48
87 111 63 84
109 31 84 16
123 126 76 62
98 15 88 84
43 22 70 117
1 40 36 86
116 17 99 69
119 72 7 103
6 116 28 33
76 84 76 39
125 113 1 83
39 106 6 76
45 40 20 107
115 35 107 86
33 92 43 21
23 62 28 51
122 49 7 96
84 67 90 64
113 9 79 114
110 57 121 3
101 86 54 89
75 41 45 71
51 30 90 96
39 77 65 42
103 7 19 47
99 105 20 19
63 17 55 82
115 25 43 40
12 112 66 54
15 126 18 4
12 48 43 126
51 74 22 38
95 0 85 79
57 77 3 105
90 18 84 71
88 25 76 38
90 9 3 102
2 110 59 110
119 75 1 44
116 17 3 11
23 32 100 98
44 56 27 7
10 100 103 72
43 97 6 81
107 51 91 62
8 106 126 12
51 86 117 47
50 54 9 51
30 75 82 84
78 36 46 106
70 14 97 28
127 41 97 56
104 99 32 113
92 11 58 55
102 124 57 20
28 39 42 77
7 81 29 33
46 106 65 3
93 35 11 55
113 69 106 15
63 68 49 86
26 68 125 95
75 14 67 27
91 72 49 87
59 61 51 48
96 31 64 43
88 100 6 11
111 28 65 51
76 21 26 108
90 45 37 31
73 75 44 124
75 63 61 19
122 49 91 109
68 83 26 35
118 89 33 16
117 102 123 81
79 123 36 72
11 105 16 118
45 17 28 100
59 74 27 108
75 7 12 103
105 94 58 62
41 27 29 37
75 91 124 63
110 38 47 87
46 5 85 38
26 80 63 26
26 122 126 73
85 23 53 10
103 66 87 56
87 66 16 115
32 9 24 112
71 85 65 113
4 87 82 62
90 92 91 96
51 4 100 78
102 5 30 80
6 111 36 23
32 12 74 50
92 62 21 57
110 81 73 5
16 117 70 97
54 41 115 2
40 0 42 12
23 94 13 57
57 127 65 79
95 80 127 12
62 33 54 59
25 35 27 10
23 111 116 115
101 3 81 53
32 76 75 102
12 117 63 100
67 78 30 80
65 68 115 114
26 79 82 19
111 87 1 27
84 26 50 1
4 4 79 118
28 5 127 60
70 77 67 51
102 114 122 78
84 3 75 27
87 23 39 98
116 67 89 71
56 46 116 119
66 121 24 21
44 13 64 92
85 92 14 98
87 44 72 121
11 77 81 69
81 19 89 5
114 44 91 75
67 125 0 114
40 62 88 59
29 12 97 113
96 9 83 6
3 117 64 54
45 119 26 102
14 67 26 35
14 2 65 108
72 17 85 123
86 67 85 59
12 60 113 4
97 81 10 51
29 62 7 80
38 61 126 126
110 46 114 67
44 9 92 75
87 70 58 100
1 15 25 34
84 42 4 10
41 39 20 35
38 47 104 99
4 94 73 88
4 60 2 94
94 87 22 94
93 16 104 48
92 64 38 54
47 34 28 81
24 42 91 65
119 67 114 47
101 107 92 24
81 38 66 45
86 114 20 95
95 68 90 38
105 52 51 40
117 109 62 0
93 34 7 112
104 24 13 99
74 51 110 0
58 103 124 126
108 103 103 15
79 45 42 82
31 115 40 99
58 32 65 4
117 80 122 89
